  113.165   140.633   147.101  -180.565  -66.6289   63.5178  -60.4067
  54.3854   122.504   140.827  -146.404  -73.3695   72.5918  -63.2585
 -87.3461   129.096   147.798  -133.158  -77.7769   78.2954  -63.5178
 -135.139   110.968   118.517  -126.883  -80.1102    81.925  -55.4809
  -142.83   3.84542  -138.735  -137.341  -86.0731   88.1472  -61.9622
 -137.886  -22.5232  -151.981   -159.65  -95.6656   96.9621  -70.5177
 -115.363  -68.6684   -164.53  -150.587  -89.4434   75.4436  -75.9621
 -91.7408  -64.2735  -194.508  -127.581  -75.1843   89.4434  -75.1843
 -39.5529  -6.59215  -210.543  -109.454  -83.2213   65.8511  -82.4435
  102.178   2.74673  -248.886   -140.13  -75.1843   -5.9629  -81.4065
  126.899   23.6219  -237.733   -149.89  -65.5918   -51.592  -80.1102
  138.985   120.307   -211.24  -147.101  -63.2585  -56.5179  -76.7398
  129.096   145.027  -170.107  -141.524  -59.3697  -56.5179  -73.1102
  118.109   160.958  -182.657  -99.6942   61.9622  -62.7401  -62.7401
  67.0202   177.988   -145.01   133.158   68.4437  -68.1844  -64.5549
  40.6516   173.044  -132.461   158.953   71.2954  -70.5177  -60.4067
 -3.84542   214.795  -119.215   172.199   70.2585  -82.1842  -61.9622
 -76.3591   185.679   136.644   198.691   74.6658  -88.1472   47.7031
  12.0856   208.201   133.855   184.051   79.3324  -84.5176   65.0733
  69.7669   163.705   147.798   181.959   83.7398  -90.4803   69.7399
  115.363   148.873   137.341   228.669   88.4066  -90.2215   73.3695
  24.7206   155.465   110.152   225.183   87.6286  -91.5172   79.0732
 -3.84542   138.985   79.4765   234.246    96.184  -99.5543   82.4435
  7.14151   118.659  -25.7951   195.903   96.7025   -80.888   92.8137
  67.5697   67.5697  -168.016   204.966   89.9619  -71.2954   92.2953
  118.109  -78.5565   -154.77   148.495   97.7393  -70.2585   72.5918
  125.251  -114.264  -185.445   149.193   86.0731  -71.0362   75.9621
  140.083  -115.363  -195.206   165.228   76.7398  -71.0362   79.8509
  86.2474  -146.675  -149.193   119.215   85.8138  -71.2954   68.1844
  57.6813  -152.718  -203.571   91.3283   85.0361  -76.9991   68.1844
  26.3686  -167.001   -164.53  -129.672   90.2215  -76.9991   69.2214
  3.29607  -171.396  -144.313  -152.679   86.5916  -85.5546   62.4807
 -1.09869  -191.173  -168.016  -154.073   102.147  -86.0731   62.9993
 -7.14151  -195.567  -147.798  -157.559   78.8139  -80.6287   59.3697
 -7.14151   -184.58  -131.764  -146.404   75.4436  -76.2213   59.1105
 -121.406  -204.906   151.284  -198.691   78.0361  -84.2583  -65.8511
 -137.886  -195.017   176.382  -202.177   72.0733  -91.2584  -70.2585
 -152.718  -190.075   189.628  -181.959   60.9253  -89.1838  -76.2213
 -169.748  -160.958   216.818  -182.657   66.6289  -83.4805  -81.1472
  -184.58  -178.538   210.543  -142.221   59.1105   -71.814  -89.4434
 -182.383  -173.593   216.818  -144.313  -36.2959  -76.9991   -74.925
 -188.974  -161.508   240.521  -139.432  -66.3697   -72.851  -73.8881
 -208.201  -89.5434   179.868  -102.483   -71.814  -62.9993  -75.1843
 -207.653  -48.8917   181.959   143.616  -77.7769  -62.4807  -65.5918
 -169.748   -28.566   170.805   152.679  -77.7769   57.8142  -60.6659
  -151.62  -4.39478   207.057   175.685  -31.6292    63.777  -58.5919
 -158.212  -6.59215    216.12    191.72  -7.25918   62.4807  -12.9628
 -173.593   3.84542   222.395    201.48   39.9255   71.5547   65.8511
 -137.886   110.968   250.978   214.726   57.8142   65.8511   69.7399
 -129.096   128.547   248.886   171.502    59.629   59.3697   73.8881
 -111.517   147.774    216.12   183.354   50.8142   55.4809   74.6658
  12.0856   181.834   233.549   161.044  -26.1848  -66.6289   90.9987
  110.419   191.173   237.035   138.735  -54.9623  -67.1474   100.073
  130.744   204.358   224.486   70.4133  -58.5919  -67.4066   100.073
  165.903   208.201   165.228  -142.918  -62.9993   58.3326   79.0732
  190.075   171.945   156.164  -200.783  -77.2584   62.9993   67.9251
  198.863   181.284   128.278  -207.057  -76.9991   69.2214   67.6659
   201.61   153.817   139.432  -188.931  -76.2213   80.1102   63.5178
  166.452   145.577   105.271  -188.931  -86.3324   74.4065   62.2215
  169.199   147.774   128.278  -213.332  -84.2583    74.925   56.7771
  140.633   146.675   157.559  -246.097  -103.703    82.962  -69.2214
   109.32   110.968   141.524  -242.613  -99.5543   74.1473  -73.1102
   62.076  -11.5363    117.82   -253.07  -83.4805   73.8881  -66.8881
   96.685  -76.9085   132.461  -252.372   -97.999   83.2213  -72.0733
  114.264  -82.4019   140.827  -250.978  -89.7031   81.4065  -69.7399
   109.32  -32.9607   163.136  -230.761  -88.6653   65.5918  -74.6658
  63.7242 -0.549346   170.805  -232.155  -75.9621   67.1474  -74.1473
  2.74673   6.59215    145.01  -238.429   -70.777   58.5919  -68.9622
 -118.109   116.461   69.7162  -207.754  -78.5546    63.777  -66.3697
 -128.547   80.7539   20.2177  -188.234  -90.2215   68.9622  -65.3326
 -152.169   52.1879  -174.988  -177.079   -72.851   66.6289  -57.8142
 -171.396  -35.7074  -131.764  -127.581   -72.851   82.1842  -59.8882
 -185.679  -81.3032  -202.874   93.4197  -74.1473   82.4435  -68.1844
 -176.889  -112.616  -172.199   156.861  -63.5178     90.74  -70.2585
 -163.705  -147.225  -262.829   172.199   -63.777   69.7399  -71.0362
 -123.603  -85.1486  -218.212   193.114   -61.703   72.0733  -71.0362
 -107.123  -34.6087  -224.486   200.783   -61.703   71.2954  -70.5177
  98.8824   -6.0428  -217.515   203.571   67.6659    61.703   -88.925
  118.659   55.4839   -248.19   173.593   68.4437   60.1474  -91.5172
  143.379   121.955  -240.521   179.868   66.3697   1.29628  -85.0361
   151.07   137.337  -226.578   195.206   80.3694  -67.1474  -76.7398
  132.392   154.366  -227.972   170.107   92.8137  -68.4437  -63.2585
  107.123   169.748   -191.72   166.622    71.814  -74.1473  -68.1844
  80.2045   178.538  -181.959   142.918   70.5177  -85.0361  -64.5549
 -1.64804   165.353  -153.376   168.713   95.9252  -79.8509  -56.7771
 -67.5697   157.662  -155.467   179.868   86.5916  -77.7769  -2.07405
 -108.771   144.478  -144.313   188.931   75.1843   -96.184   69.7399
 -93.9382   131.843  -119.912   204.966   70.5177   -99.814   69.4807
  27.4673   102.178  -143.616   234.246    70.777  -92.2953   82.7028
  61.5268   42.2996  -147.798   235.641    82.962  -95.9252   87.1101
  132.392  -85.6981  -171.502   187.537   80.1102  -91.5172   87.8879
  102.178  -138.435  -221.698   175.685   83.4805  -77.7769   88.4066
  157.662  -147.774  -220.303   170.805   81.4065  -72.3325   94.8875
  110.968  -177.988  -185.445   140.827   90.2215  -73.8881    81.925
  121.955  -181.284  -177.079   152.679   76.9991  -65.3326   76.2213
  91.1915  -191.173  -134.552   121.306   69.7399  -64.2955   66.1103
  53.2866  -195.567  -134.552  -142.221   73.8881  -67.4066   66.3697
  4.94412  -191.173  -63.4417   -159.65   55.2216  -69.2214   56.2586
  -117.56  -154.916   135.947  -179.868   29.0367  -74.4065  -64.0363
 -136.787  -168.649   168.016  -189.628   6.48141   -81.925  -67.9251
 -160.409  -66.4709   204.269  -186.142  -51.3327  -80.6287  -72.0733
   -168.1         0   222.395  -188.931  -67.6659  -84.2583  -69.4807
 -193.919    28.566    186.84  -130.369  -64.5549  -81.1472  -67.9251
 -195.567   79.6552   154.073  -62.0473  -76.4806   -70.777  -60.9253
 -198.863   86.2474   165.925  -41.1326  -77.7769  -76.4806  -61.9622
 -198.863   86.2474   165.925  -41.1326  -77.7769  -76.4806  -61.9622
 -207.103   89.5434   156.861  -34.8581  -78.2954  -66.8881  -60.1474
 -144.478   -6.0428   190.325   148.495  -55.7401  -65.8511  -26.4442
  -134.04  -31.3127   197.994   150.587  -45.1106  -62.4807   64.8141
 -99.4317  -65.3722   214.029   161.044  -25.6664   -22.296   69.7399
  20.3259   1.09869   181.262   188.234   10.3703   64.0363   76.7398
  92.8395   3.29607   221.698   184.051   66.1103   56.7771    83.999
  124.152   116.461   258.647    145.01   72.0733   32.4071   89.4434
  141.182   119.208   237.733   85.0537   73.3695   15.8147   95.4059
  144.478   139.534   237.035   27.8865   80.3694   1.03703   71.2954
  161.508   158.212   238.429  -36.9495   71.0362  -17.1109   65.8511
  176.889   174.692    248.19  -139.432   65.3326   20.9998   63.5178
  157.113   202.709   238.429  -156.164   58.5919   59.3697   33.7034
  147.774   199.961   200.783  -180.565   55.9994   65.5918   3.88884
  147.225   221.936   165.925  -198.691  -71.0362   62.7401  -36.0366
  144.478   213.696   158.953  -208.452  -73.8881   60.1474  -52.3698
  95.5862   194.469  -20.9149  -227.275   -80.888   60.9253  -59.3697
  51.0892   152.169  -59.2589  -210.543  -81.4065   68.4437  -63.5178
 -107.123   148.323  -104.574  -263.528  -85.2953   80.1102  -66.6289
 -120.856   129.096  -124.792  -232.155    -90.74   77.2584  -62.4807
   -125.8   126.899  -119.912   -206.36  -92.5541    82.962  -60.9253
 -113.715   97.2342   140.827  -221.698   -94.369   83.7398  -62.7401
  -101.08  -39.0036   157.559  -218.909  -90.4803   89.7031  -69.2214
  34.0595  -66.4709   177.776  -218.909  -93.8506   85.8138  -72.3325
  105.475  -4.94412   147.798  -235.641   -74.925   73.1102  -64.5549
  34.0595   41.2011   145.707  -182.657  -82.4435    71.814  -74.6658
  2.74673   115.363   61.3503  -181.959  -77.2584   81.4065  -80.1102
 -118.659   145.027  -150.587  -147.798  -81.4065   62.7401  -64.0363
 -118.659   145.027  -150.587  -147.798  -81.4065   62.7401  -64.0363
 -130.744   121.406  -174.988  -145.707  -75.9621   68.9622  -64.0363
 -129.646   110.968  -180.565  -134.552  -71.5547   64.5549  -57.8142
 -132.942   112.067  -175.685  -143.616  -75.7029   65.8511  -61.4438
 -165.353  -45.0463  -223.092   146.404  -74.1473   71.5547  -62.2215
 -169.199  -77.4578  -209.846   167.319  -74.4065   81.6657   -61.703
 -160.958  -113.165  -271.197   191.022  -64.0363   87.3694  -60.4067
  -159.86  -148.323  -260.739    206.36  -47.1846   66.1103  -67.4066
 -153.268  -146.675  -241.915   214.029  -46.1476   76.2213  -70.2585
 -153.268  -146.675  -241.915   214.029  -46.1476   76.2213  -70.2585
 -153.268  -146.675  -241.915   214.029  -46.1476   76.2213  -70.2585
 -153.268  -146.675  -241.915   214.029  -46.1476   76.2213  -70.2585
 -116.461  -79.6552  -225.881   232.852  -18.1479   85.0361  -72.5918
 -92.8395  -41.2011  -225.183   223.092  -4.92587   67.9251  -76.7398
  2.74673  -13.7337  -246.796   214.029   40.7032    70.777  -78.5546
  120.856   12.0856  -227.275   150.587   60.6659   62.9993  -90.9987
  148.873   111.517  -227.972   82.9623   67.1474   55.7401  -91.5172
  147.774   115.363  -249.584   2.09149   77.2584  -65.3326  -75.7029
  115.363    134.59  -170.107  -1.39432   84.7768  -68.7029  -65.5918
  26.3686   160.409  -39.7383   150.587    82.962  -78.0361  -66.1103
  10.4376   171.945   26.4922   161.742   90.2215  -70.5177   -61.703
 -40.6516   177.439   59.9559   174.291   85.5546   -80.888  -60.9253
 -73.0631   204.358   85.0537   197.994   67.4066  -83.7398  -59.3697
 -30.7635   177.988   32.7667   226.578   72.3325  -96.4437   65.0733
  56.5826   173.593  -155.467   245.402   82.7028  -100.332   69.4807
  89.5434   171.396  -156.861   219.606   84.5176  -101.369    74.925
  110.419   176.889  -147.101   233.549   67.9251  -101.628   72.5918
  36.8062    151.62  -168.016   219.606   73.1102  -102.147   80.3694
  20.8752   125.251  -214.029    186.84    71.814  -93.8506   82.7028
  35.7074   112.067  -209.149   197.994   84.5176  -79.5917   98.5174
  106.573   64.2735   -206.36   139.432   89.4434  -78.0361   85.8138
  143.379   -100.53  -172.199   87.8425   85.0361  -73.8881   72.0733
  84.0499  -116.461  -147.101   48.1042   75.7029  -65.3326   71.5547
  83.5007  -131.294  -185.445  -90.6312   78.2954  -68.1844   72.5918
  35.1582  -156.564  -148.495  -138.735   91.2584  -75.9621   72.0733
 -2.19739  -163.705  -129.672  -167.319   81.1472  -79.8509   66.6289
 -15.3817  -168.649   57.8645   -201.48   75.1843  -82.7028   57.0363
 -120.307  -204.906   141.524  -219.606    61.703  -75.7029  -61.9622
 -133.491  -202.159   186.142  -186.142   60.6659  -74.6658   -70.777
 -146.675   -193.37   194.508  -174.291   52.1105  -97.7393  -70.2585
 -181.284  -177.988    216.12  -141.524   -63.777  -74.6658  -86.0731
 -188.426  -197.764   184.051   -140.13  -71.2954  -74.4065  -74.4065
 -187.876  -172.495   209.846   -43.224  -70.2585   -71.814  -69.9992
 -188.974  -141.182   212.634   138.038   -81.925  -65.5918  -69.7399
 -197.216  -82.9512   185.445   170.805  -68.9622  -60.4067  -62.2215
 -167.001  -42.8491   174.988   189.628  -73.8881   62.7401  -57.2957
 -197.216   -30.214   161.044   184.051  -65.5918   60.9253  -56.7771
 -130.744   -12.635    186.84     196.6  -68.9622   65.5918   64.2955
 -146.675         0   232.155    169.41  -58.5919   69.9992   71.5547
 -123.054   9.33888   237.733   163.136  -7.25918   62.4807   77.2584
 -121.955   109.869   235.641   151.284   64.2955   64.5549   73.1102
 -96.1355   135.139   207.057   148.495   75.4436   39.1477   91.5172
   44.497   156.014   220.303   128.975   67.9251  -65.8511   94.1103
  109.869   153.817   234.944  -137.341   72.5918  -67.1474   86.5916
  157.662   187.876   202.177  -163.833   62.9993  -62.9993   78.5546
  156.014    201.06   184.748  -168.016   62.9993   -59.629   76.7398
  177.988   216.443   172.199  -184.748   54.4438   50.2957   78.2954
  175.241   216.443   158.953  -187.537  -67.1474   60.6659   66.3697
  191.722   170.847    145.01  -219.606   -71.814   67.6659   56.2586
  197.764    159.86   130.369  -235.641  -74.4065   78.5546   52.1105
  148.323   8.78954    140.13  -248.886  -86.0731   75.4436  -8.55546
  141.731   20.3259    154.77  -202.874  -93.3322   86.8509  -66.6289
  106.024   1.64804   135.947  -255.161  -95.1471   69.9992  -73.3695
  59.8788         0   88.5395  -229.366  -90.4803   74.6658   -63.777
  84.5994   114.264   127.581  -263.528  -97.7393   78.5546  -69.2214
  109.869   130.744   144.313  -226.578  -97.7393   80.6287  -68.7029
  59.8788   143.379   161.044  -243.309  -70.2585   63.5178   -70.777
  3.29607   112.616   135.249  -165.925  -76.4806   63.2585  -60.6659
  6.59215   112.616   127.581  -204.269  -74.1473   64.0363  -67.1474
 -47.2438   60.9775   98.9971  -158.953  -72.5918   60.4067  -63.2585
 -110.419   76.9085   49.4986   -140.13  -85.5546   65.0733   -59.629
 -128.547   56.5826  -142.221  -132.461  -84.2583   67.6659  -62.7401
  -159.31   10.4376  -171.502   147.798  -74.4065   81.1472  -53.4068
 -173.593  -55.4839   -201.48   163.136  -78.2954   90.9987  -61.4438
 -186.228  -84.0499  -249.584   191.022  -72.3325   90.4803  -66.8881
 -149.972  -111.517   -248.19   209.149  -66.6289   76.4806  -72.5918
 -138.435  -118.109  -218.212   214.726  -66.3697   92.2953  -65.8511
  -109.32  -46.6945   -248.19   170.805  -62.2215   86.5916  -76.2213
 -92.8395  -7.69085  -218.909   156.164   55.4809   77.7769  -81.6657
  91.7408   6.59215  -257.951   113.637   68.4437   64.0363  -83.7398
  123.054   40.1023  -227.275   99.6942   68.9622   61.1845  -75.7029
  146.675     125.8  -239.127   136.644   78.5546   47.9624  -69.7399
  153.817   137.886  -239.127   165.925   72.3325  -62.4807  -73.1102
  130.744   146.675  -199.388   168.016   84.5176  -68.1844  -66.6289
   96.685   187.876   -191.72   153.376   71.0362   -70.777   -59.629
 -2.19739   179.087   -154.77   174.291    81.925  -77.2584  -58.5919
 -18.6778   143.379  -176.382   168.016   80.1102  -80.3694   60.6659
 -47.7932   145.027  -168.016    186.84   81.1472  -86.0731   64.5549
 -61.5268   152.718  -143.616   193.811   81.6657  -87.8879   60.9253
 -91.1915   124.152  -135.249   221.698   74.6658  -100.073   72.3325
  -101.08   122.504  -116.426   234.246   82.1842  -92.0356   73.6288
  53.2866   87.3461  -129.672   233.549   86.5916  -84.2583   86.5916
  97.2342  -56.0333  -177.776   181.959    82.962  -102.147   87.3694
   134.04  -103.826  -197.994   170.805   80.3694  -75.7029   88.4066
  107.672  -158.212  -183.354   172.896    82.962   -83.999   84.5176
  148.873    -168.1  -228.669   162.439   73.8881  -86.0731   76.4806
  107.672   -201.06  -151.284   99.6942   87.8879  -69.2214   71.5547
  54.9346  -192.272  -146.404  -115.032   74.1473  -72.3325    71.814
   28.566  -199.961  -124.095  -161.742   49.5179  -66.3697    61.703
 -11.5363  -200.512   6.27446  -166.622   36.2959  -74.4065   55.7401
 -130.744  -145.577   140.827  -195.206  -8.03694  -72.3325  -64.5549
 -140.633  -127.448   173.593  -202.177   -33.444  -88.1472  -75.4436
 -152.718  -133.491    186.84  -190.325  -43.5551  -81.6657  -76.4806
 -170.847  -35.7074    191.72  -202.874  -58.3326  -91.2584  -79.0732
 -187.327   3.84542   188.931  -146.404  -66.8881   -71.814  -67.4066
 -206.555    31.862   193.114  -89.9339  -73.3695  -79.5917  -64.0363
 -206.555   79.6552   193.811  -15.3376  -81.6657  -66.8881  -61.1845
 -148.323  -9.88824   189.628   140.827  -66.8881  -65.5918   46.1476
 -84.5994  -30.7635   209.846   154.073  -62.4807  -22.0368   66.8881
 -2.19739  -3.29607   227.275   173.593  -59.3697   65.3326   66.3697
  46.6945   2.19739   179.868   185.445  -53.9253    70.777   79.0732
  52.7372  -1.64804    159.65   207.754   23.0738   71.5547   84.7768
  120.307    126.35       221   13.2461   71.2954   61.1845   96.7025
  141.182   136.238   234.944  -89.9339   78.5546   53.6661   73.3695
  152.169   162.606   236.338  -117.123   69.9992  -67.9251    70.777
  173.044   181.834   211.937  -131.764   67.9251  -69.2214   73.8881
  166.452   199.961   189.628  -177.079   65.8511  -60.4067   67.9251
  177.439   206.004   207.754  -170.107   55.4809   59.8882    61.703
  150.521   212.047   166.622  -186.142  -64.0363   69.4807  -61.1845
  109.869   170.297   179.868  -214.726  -71.5547   72.0733  -65.8511
  23.0726    134.04   131.067  -226.578  -76.4806   79.8509   -71.814
 -109.869   144.478   122.003  -243.309   -80.888   87.3694  -71.5547
  -142.83   97.7837  -162.439    -196.6  -87.1101   73.1102  -60.9253
 -118.109  -27.4673  -147.101  -238.429  -99.2955   89.4434  -62.2215
 -103.277  -27.4673  -117.123  -232.852  -85.2953   72.5918  -69.9992
  43.9478  -1.09869   131.764  -261.435  -85.8138   72.3325  -67.9251
  78.5565   2.74673   148.495  -227.275  -89.4434   69.2214  -68.9622
  109.869    14.283   166.622  -203.571  -73.3695   60.9253  -68.4437
  37.3556   117.011   36.9495  -189.628  -84.7768   79.8509  -78.0361
 -2.19739   135.139  -59.2589  -185.445   -81.925   69.2214  -65.8511
 -112.616   146.675  -114.335  -161.742  -77.2584   67.9251  -64.0363
 -139.534   120.307  -118.517  -149.193  -82.4435    70.777  -60.4067
 -137.886   110.419  -128.278  -139.432  -79.3324   66.8881  -63.5178
 -156.014   87.8954  -163.833  -126.883  -84.5176    70.777  -71.2954
 -172.495  -56.5826  -193.811   36.9495  -76.7398   73.8881   -63.777
 -187.876   -95.037  -155.467   160.347  -67.4066   86.0731  -56.7771
 -173.044  -110.419  -190.325    149.89  -68.1844   84.2583  -53.9253
 -137.337  -137.337  -230.064   188.234  -67.4066   67.9251  -62.2215
 -118.659  -85.6981  -234.944       221  -65.5918   72.0733  -72.5918
 -97.2342  -29.1153   -216.12   218.212  -24.8886   64.5549   -71.814
 -48.3425  -3.84542  -223.092   221.698   64.0363    63.777  -78.2954
  117.011   3.84542  -247.492   177.776   65.3326    61.703  -86.0731
   126.35   29.6648  -260.739   179.171   72.5918   59.3697  -89.4434
  149.972   123.603  -240.521   137.341    72.851  -64.8141  -76.4806
  124.152   141.182  -246.796   52.9843   65.3326  -67.4066  -70.2585
  75.8098   154.916  -214.029   126.883   81.1472  -74.4065  -76.7398
  1.64804   169.748  -153.376   147.798    94.369  -83.4805  -65.8511
 -65.9215   208.201  -128.278   173.593   78.5546  -89.7031  -63.2585
 -87.3461   213.146  -82.9623   190.325   72.0733   -99.814   -59.629
  51.0892   179.087  -142.918   211.937   80.1102  -100.073   64.0363
  82.4019    192.82  -157.559   235.641   85.2953  -100.591   67.4066
  109.869   135.689  -177.079   218.212   73.6288   -94.369   74.6658
  24.7206   137.337  -193.811   240.521   74.1473  -94.1103   79.8509
   31.862   107.672  -184.748   178.474   80.1102  -77.7769   87.3694
  85.1486   58.2308  -177.079   122.003    81.925  -75.7029   91.2584
    125.8   -96.685  -195.206   68.3219     90.74  -76.4806   78.2954
  85.1486  -136.787   -169.41  -17.4291   71.0362  -65.3326    71.814
  27.4673  -152.169  -163.136  -147.798   81.6657  -61.9622   65.5918
 -11.5363  -150.521  -139.432  -144.313   77.2584  -68.4437   65.3326
 -2.19739   -159.31  -131.764  -155.467   76.9991  -73.8881   62.4807
 -3.84542  -172.495  -131.067  -182.657   68.1844   -71.814   58.8511
 -81.8527  -194.469   136.644  -200.783    70.777  -81.6657   54.7031
  -142.83  -194.469   168.016  -183.354   58.5919  -84.2583  -65.5918
 -157.662  -200.512   181.959  -166.622   54.4438  -101.628  -73.3695
 -169.748  -187.327   213.332  -144.313  -64.0363  -85.0361  -73.8881
  -185.13  -190.623   163.136  -127.581  -69.4807  -73.1102  -83.7398
 -202.709  -182.383    186.84  -120.609  -73.6288  -79.3324  -73.6288
 -208.752  -154.916   217.515   135.947  -77.5177  -67.9251  -70.5177
 -208.201  -115.912   230.064   161.044  -72.0733  -68.9622  -67.4066
 -207.103  -111.517   184.051   181.959  -77.7769  -62.9993  -66.1103
 -154.916  -45.0463   156.164   195.206  -66.6289   62.4807  -5.18513
 -174.143  -10.9869   193.811   207.057  -59.8882   61.9622   66.1103
 -139.534   6.59215   216.818   207.057  -51.8513   66.1103   77.7769
 -124.152   111.517   246.796   158.953   67.1474   62.9993    81.925
 -104.376   123.603   200.085   135.249   69.4807   58.5919   79.8509
  63.7242    151.62   234.944   120.609   66.1103  -68.4437   95.9252
  109.869   167.001   234.246  -142.918   67.6659  -68.4437   78.0361
  148.323   196.666   187.537  -184.748   65.3326  -60.6659   79.0732
    168.1   185.679   202.874  -176.382    4.1481  -24.1108    70.777
  198.315   204.906   135.249  -237.733  -69.7399    61.703   60.4067
  164.255   199.413   128.975  -244.007   -74.925   73.8881   51.3327
  147.774   153.817   80.8709   -265.62  -87.8879   80.1102   32.1478
  136.238   152.718   131.067  -208.452  -86.8509   92.2953  -61.1845
  92.8395   130.195   155.467  -232.155  -91.5172   77.2584  -71.0362
  53.8359   113.715   122.003  -262.134  -87.1101   72.0733  -61.9622
  54.3854  -43.3983   20.2177  -237.733  -93.3322   78.8139  -62.4807
  99.4317  -83.5007   147.101  -188.234  -97.2209   81.6657  -78.2954
  59.8788  -11.5363   168.016  -188.931   -80.888   68.4437  -79.5917
   6.0428  0.549346   109.454  -174.291  -73.1102   60.9253  -69.7399
 -17.5791   23.0726   62.7447  -147.101  -73.8881   65.0733  -65.5918
 -117.011         0   35.5552  -148.495  -80.1102   65.8511  -65.3326
 -140.083   9.33888  -165.228  -124.792  -81.4065   70.5177  -61.4438
 -154.366    14.283  -146.404  -77.3851  -64.8141   79.5917   -59.629
 -157.662   32.9607  -172.199    154.77  -68.1844   79.5917  -49.7772
  -176.34  -49.4412  -198.691   161.742  -79.5917   82.4435   -63.777
 -160.958   -79.106  -207.057   198.691  -67.4066   82.7028  -68.4437
 -156.014  -104.925  -197.994   187.537  -67.9251   85.0361  -68.9622
 -130.744  -113.715  -226.578   214.029  -64.8141   68.9622  -66.6289
 -112.067  -63.1748  -258.647   193.114  -62.9993   64.8141   -71.814
  -95.037         0  -227.275   165.228   60.6659   66.3697  -67.4066
 -57.6813 -0.549346  -205.663   56.4701   64.0363   60.6659  -84.7768
  103.826   8.78954  -209.846   16.0347   68.4437    59.629  -87.1101
  132.942   116.461  -218.909  -81.5679   67.4066   55.4809  -70.2585
   151.07    134.04  -239.127   141.524   79.3324  -64.5549  -70.2585
  132.392   145.577  -184.748   166.622   82.4435  -69.7399  -68.9622
   95.037    151.62  -184.051   193.114   71.5547  -74.1473  -63.5178
-0.549346   163.705  -179.171   170.805   82.1842   -82.962  -33.9626
 -47.7932   153.817  -174.291   205.663    94.369  -89.1838   63.2585
 -86.7966   133.491  -139.432   202.874   71.5547  -95.4059   75.7029
 -98.3329    109.32  -123.398   234.246   78.2954  -100.332   81.1472
  51.6385   82.9512  -147.101   219.606   72.5918  -96.7025   84.7768
  74.1618  -63.7242  -174.291   222.395   87.1101  -87.6286   94.1103
  148.323  -120.307  -220.303    169.41   76.7398  -77.7769   95.9252
  125.251  -148.873  -204.269   172.896   73.1102  -76.9991   88.4066
    125.8  -167.551  -185.445   161.044   81.6657  -76.7398   85.8138
  115.363  -188.974  -165.925   133.158   84.5176  -71.2954   67.6659
  92.2903   -201.06  -170.805   99.6942   85.8138  -66.8881    59.629
  88.4448  -183.482  -142.221   -145.01   79.5917  -66.1103   67.1474
  32.4115   -201.61  -144.313  -174.291   66.1103  -69.9992   62.7401
 -103.826   -151.07   78.0822  -187.537   64.8141  -74.1473  -62.9993
 -126.899  -129.646   145.707  -204.269   60.6659  -82.7028  -62.9993
 -137.886  -106.024   176.382  -232.852   59.8882  -80.6287   -74.925
 -154.916  -63.1748   190.325  -195.206  -64.5549  -86.5916  -73.3695
 -175.791   -12.635   195.206  -63.4417  -67.1474  -79.3324  -66.1103
 -187.876         0   189.628   16.7319  -73.1102  -77.5177  -65.5918
 -197.216    31.862    164.53   83.6594  -79.8509   -72.851  -56.2586
 -206.004   60.9775    159.65   108.757  -77.5177  -69.9992  -51.0735
  -100.53  -8.24019   168.016   142.221  -55.9994  -61.4438   62.9993
  -6.0428  -18.1284   184.748   158.953  -38.1107  -23.8516   66.6289
  52.7372   10.4376   190.325    169.41  -14.7776   64.0363   71.0362
  51.0892  -2.74673   216.818   193.811  -2.59256   64.5549    72.851
  73.6123   4.39478   174.988    191.72   19.7035   69.7399   75.4436
  90.0928   118.659   227.275   59.2589    63.777    63.777   90.4803
  127.998   129.646   235.641  -64.8361   70.2585   48.9994   78.2954
  145.027   158.212   225.881  -116.426   74.1473  -65.8511   76.2213
  171.396   181.834   188.234  -128.278   66.1103  -71.0362   70.5177
  156.564    193.37    169.41  -151.284   58.0734  -64.8141   66.8881
  155.465   186.228   242.613  -156.861   62.7401  -65.3326   60.4067
  155.465   186.228   242.613  -156.861   62.7401  -65.3326   60.4067
  172.495   187.876   230.761  -158.256   56.5179  -65.3326   65.3326
  153.268   199.413   189.628  -151.981   56.7771  -67.1474   62.2215
  153.268   199.413   189.628  -151.981   56.7771  -67.1474   62.2215
  145.027    209.85   216.818  -163.136   55.9994  -64.0363   61.1845
  137.337    201.61   166.622  -181.262  -64.5549   62.2215   -63.777
  115.363   157.662   146.404  -249.584  -74.1473   75.7029  -69.4807
  51.0892   141.182   146.404  -221.698  -77.5177   82.4435   -71.814
 -115.912   136.238    117.82  -209.149  -89.7031   79.3324  -67.9251
 -122.504   112.067  -135.947  -220.303  -93.5918   95.4059  -64.2955
 -140.633   98.8824  -170.107  -264.223  -87.8879   86.3324  -63.5178
   -125.8  -25.8193  -161.044  -225.183  -87.3694   78.0361  -62.9993
 -106.573  -9.33888  -128.278  -215.423  -86.3324   79.8509  -67.1474
 -82.9512  -4.39478   146.404  -237.035  -89.4434   87.6286  -69.2214
  76.3591   6.59215   160.347  -261.435  -71.2954   75.9621  -70.2585
  67.0202   57.1321   112.243  -184.748  -87.3694   73.6288  -71.0362
  4.94412   114.264  -70.4133  -126.883  -96.9621   77.7769  -68.4437
 -52.1879   137.337  -115.032  -170.107  -69.9992   65.3326  -68.4437
 -93.9382   138.435  -128.278  -158.953  -68.9622   61.1845  -64.0363
 -101.629   105.475  -130.369  -146.404  -76.2213    63.777  -59.1105
  -134.59  -55.4839  -161.044  -36.9495  -79.5917   68.1844  -67.4066
 -142.281  -86.7966  -195.903   144.313  -74.6658   77.7769  -65.5918
 -164.804  -124.152  -181.959   165.925  -66.3697   84.5176  -57.0363
 -147.225    -125.8  -182.657   190.325  -68.1844   78.5546  -60.6659
 -138.435  -111.517  -237.035   209.149  -67.9251   87.1101  -73.1102
 -123.054  -56.0333  -239.127   195.903  -60.9253   80.1102  -69.9992
 -114.264  -7.69085  -225.881   232.155   60.9253   69.2214  -79.8509
 -63.1748  -4.39478  -237.035   179.171   63.5178   67.6659  -88.4066
  98.3329   1.64804  -227.275   174.988   71.2954   58.8511  -92.2953
  128.547   106.024  -229.366   139.432    71.814   54.1846  -90.4803
  141.731   109.869  -247.492   126.883   81.1472  -33.9626  -74.1473
   151.62   135.689  -197.297   39.7383   84.5176  -68.4437  -73.6288
  98.8824   155.465  -188.931   6.27446   87.8879   -74.925  -77.7769
  45.5958   168.649  -156.164   152.679    80.888  -78.0361  -61.9622
 -17.0297   183.482  -135.249   166.622   73.8881  -84.7768  -59.1105
 -71.4151   203.807  -74.5964   194.508   73.3695  -76.2213  -55.7401
 -97.7837    151.62   50.8929   195.903   78.0361  -92.8137   66.3697
  3.29607   158.212   -85.751   225.183   84.5176  -96.4437   64.2955
  64.8229   142.281  -162.439   224.486   86.0731  -92.8137   68.7029
  109.869   131.294  -166.622   230.761   78.8139  -93.5918   76.7398
  13.1843   118.659  -213.332   204.966   73.1102  -98.2578   78.8139
  51.0892   79.6552  -223.789   207.754   74.6658  -76.7398   96.4437
  109.869  -86.2474   -216.12   74.5964   77.5177  -72.3325   80.1102
  156.014  -127.448  -195.206    64.139   76.2213  -70.2585   73.8881
  70.3164  -141.731  -174.988  -45.3155    72.851  -67.6659   65.5918
  28.0166  -157.662  -151.284  -138.735   82.7028  -64.2955   68.9622
  14.8323   -159.31  -149.193  -144.313   68.4437  -68.4437   66.1103
 -9.88824  -182.932  -138.735   -154.77   70.5177  -73.3695   58.5919
 -115.912  -191.173   131.067  -193.114   67.6659  -85.8138  -61.1845
  -134.59  -200.512   176.382  -197.994   61.9622  -93.8506  -66.3697
 -149.972  -202.159   190.325  -174.988  -2.07405  -94.6287  -75.1843
 -180.735  -199.413   184.051  -131.764  -61.1845  -79.8509  -72.0733
  -192.82  -164.255   160.347  -119.912  -77.2584  -75.1843  -66.6289
 -199.961  -148.323   225.183   151.981  -71.0362  -75.4436  -61.9622
 -206.555  -87.8954   245.402    169.41  -87.1101  -69.2214  -59.1105
 -162.606  -49.4412   165.925   177.776  -73.6288  -62.9993    61.703
 -154.366  0.549346   154.073   193.811  -62.9993   58.3326   67.4066
 -164.255  -3.29607   208.452   219.606  -61.9622   66.6289   75.1843
 -131.843   3.84542   223.092   167.319  -54.9623   64.5549   73.8881
 -131.294    109.32   221.698   148.495   66.1103   60.6659   81.1472
 -119.758   120.307   234.246   147.101   71.0362   64.5549    82.962
 -74.1618   130.744   233.549    145.01   75.4436   56.2586   90.4803
  77.4578   165.353   234.944  -91.3283   66.1103  -68.4437   92.0356
  115.912   171.945   220.303   -145.01   65.0733  -70.2585   94.1103
   117.56   181.834   221.698  -144.313   67.6659  -69.7399   75.1843
  141.182   194.469   210.543   -169.41    59.629  -65.0733   82.1842
  158.761   195.567    191.72  -172.199   57.2957  -59.8882   74.4065
  169.748   203.259   195.206   -216.12     31.37  -49.5179   57.0363
  198.315   216.443   143.616  -234.246  -66.3697   65.0733  -4.40735
  164.255   168.649   123.398  -251.676  -72.3325   67.6659  -47.4439
  162.606   167.551   93.4197  -197.297  -69.9992   67.9251  -52.8883
  154.366   158.212   101.786  -197.297  -85.2953   73.3695  -55.2216
  136.787   143.929   138.735  -259.345  -78.8139   83.2213  -63.5178
  118.659   136.787   155.467  -231.458  -96.9621   95.9252  -62.9993
  63.7242   115.912   152.679  -240.521  -87.6286   80.1102  -73.3695
  49.4412   99.4317   135.249  -230.064  -99.0359    72.851  -65.8511
  2.19739  -67.0202   96.2084  -239.823  -75.4436   74.4065  -59.8882
  52.1879  -68.6684   138.038  -193.811   -88.925   85.8138  -67.4066
  99.9809  -19.2272   146.404  -197.297  -82.1842   81.6657  -71.5547
   28.566   10.9869    145.01  -198.691  -65.3326    63.777  -65.3326
  4.39478   28.0166   106.666  -163.136  -74.4065   62.7401  -63.5178
 -123.603  -70.3164   41.1326  -135.947  -74.1473   66.8881  -65.3326
  -134.59  -20.8752  -126.883  -128.975  -79.3324   67.9251  -62.2215
 -154.916   20.8752  -162.439   139.432  -74.1473   77.7769  -57.0363
 -172.495   57.1321  -205.663   170.107  -68.1844    72.851  -49.2587
 -192.272  -63.7242  -205.663   188.234  -79.0732   89.9619  -64.0363
 -156.014  -91.7408   -211.24   204.966  -68.4437   82.1842  -71.5547
 -165.353  -104.376  -271.892       221  -64.5549   86.0731  -77.2584
 -127.998  -146.675  -216.818   241.915  -65.3326   67.6659  -62.9993
 -107.123  -12.0856  -227.275   59.2589  -15.5554   67.1474  -78.5546
 -66.4709  -2.19739  -228.669  -10.4574   62.7401   59.8882  -80.3694
  53.2866 -0.549346  -245.402  -71.1106   65.0733   64.0363  -82.4435
  107.672   2.19739  -237.035   -94.117   68.7029   60.4067  -74.1473
  141.731   117.011  -255.859   16.7319    71.814  -10.8888  -67.6659
  156.564   129.646   -206.36   156.861   77.5177  -66.3697  -76.9991
   134.59   149.972  -198.691   165.925   78.2954  -71.0362  -65.5918
  114.813    159.86  -180.565   177.079   91.5172  -79.5917  -64.0363
  49.9905   179.087  -202.874   153.376   79.5917  -87.1101  -55.7401
  2.74673   144.478  -158.953   197.994   77.2584  -77.5177   62.4807
 -42.2996   136.238  -154.073   202.177   82.1842  -87.8879   66.6289
 -76.3591   132.392   -149.89    211.24    80.888  -99.5543   71.2954
 -88.4448    101.08  -124.095   232.155   69.7399  -96.4437   84.7768
  54.9346   -26.918  -147.798   244.007   79.0732  -97.2209   89.7031
  89.5434  -67.5697  -181.262    216.12    82.962  -78.0361   86.8509
    125.8  -115.363  -157.559   208.452   90.9987  -75.4436   94.8875
  158.212  -152.169  -210.543   177.776   69.2214  -87.3694    72.851
  130.744  -177.988  -162.439   137.341   79.0732  -69.7399   74.6658
  132.392  -182.932  -143.616   133.158   87.1101  -78.2954   67.6659
  93.3888  -194.469  -124.095   107.363   76.2213  -67.6659   63.5178
  97.2342  -192.272  -149.193   15.3376   79.0732  -76.4806   62.7401
  51.6385  -153.268  -120.609  -161.742   73.8881  -64.2955   55.7401
 -108.771  -141.731   139.432  -192.417   68.7029  -71.0362  -62.4807
 -125.251  -107.123   151.981  -208.452   64.2955  -77.2584  -67.9251
 -136.787  -58.7801   171.502  -214.726   59.3697  -87.1101  -76.9991
 -160.409  -2.74673   197.297  -195.903  -62.4807  -96.7025  -79.0732
 -187.327  -3.29607     196.6  -179.171  -70.2585  -75.1843   -59.629
 -195.567    28.566   174.291  -174.291  -78.2954  -85.2953  -34.9996
  -193.37   83.5007   167.319  -140.827   -72.851  -73.6288  -4.40735
 -149.972   69.7669   171.502  -132.461  -73.6288  -65.3326    41.481
 -140.083  -11.5363   184.748    140.13  -71.0362   22.5553   64.0363
 -152.718   3.84542    211.24   163.136  -59.1105    70.777   75.7029
 -123.054   9.88824   188.931   189.628  -47.7031   61.9622   84.5176
 -107.672   118.659   236.338     196.6   64.0363   61.4438   91.7768
  -15.931   137.337   211.937   161.044   73.6288   50.8142   75.4436
  99.9809   146.675   210.543   151.284   82.1842  -67.4066   72.5918
   126.35   169.199   200.783   154.073   69.9992  -74.4065   72.0733
  146.675   180.735   247.492   138.038   68.7029  -71.5547   64.8141
  167.001    218.09   175.685  -45.3155   63.5178  -65.3326   60.1474
  187.876   207.103   177.079   -149.89   62.9993   57.8142  -45.3698
  208.752   214.795   158.256  -153.376   16.3331   67.9251  -69.2214
  166.452   173.593   148.495  -179.171  -64.2955   67.1474   -71.814
  153.817   160.409   142.221  -236.338  -70.5177   70.5177  -68.7029
  157.662   124.702   98.2998  -212.634  -76.7398   76.7398  -69.9992
  113.165   112.067  -141.524  -234.246  -87.1101   87.8879  -64.0363
  69.7669   91.1915   -145.01  -230.761  -89.1838   73.8881  -58.8511
  85.6981  -16.4804  -137.341  -261.435  -87.8879   90.2215  -61.4438
  140.633   2.19739  -87.8425  -262.134  -98.5174   75.7029  -65.8511
  104.376   2.74673   142.221  -192.417  -89.7031   73.8881  -73.3695
  114.813   3.84542   149.193  -220.303  -80.3694   71.0362  -72.3325
   44.497   9.88824   168.713  -240.521  -88.6653   69.7399  -74.1473
  18.1284   22.5232   162.439   -206.36  -96.7025   75.1843  -66.1103
   6.0428   113.715   153.376  -137.341  -84.5176   74.1473  -73.8881
  -109.32   129.096   138.038  -62.0473   -88.925    80.888  -68.1844
 -112.616    134.04   126.186  -8.36594  -83.2213   71.0362  -69.4807
 -135.139   127.998   34.8581    43.224  -73.1102   64.0363  -65.3326
   -125.8   108.771  -153.376   46.7098  -79.8509   59.3697  -59.1105
 -143.379   97.2342  -154.073    112.94  -76.4806   71.0362  -64.5549
 -153.268   54.3854  -158.953   122.003  -86.3324   68.9622  -68.7029
 -177.439  -46.6945  -189.628   158.256  -90.9987   72.0733   -63.777
 -164.255  -76.9085  -192.417   176.382   -71.814   73.8881  -63.5178
 -169.748   -101.08  -204.966   170.107  -66.3697   89.4434  -60.1474
 -127.998  -122.504  -207.057   156.861  -74.4065    70.777   -59.629
 -129.646  -129.646   -248.19   92.0253  -68.1844   73.6288  -63.5178
 -123.603  -45.0463  -249.584     51.59  -67.6659   73.6288  -68.4437
 -115.363  -58.7801  -238.429   27.1892   -61.703   71.2954  -66.6289
 -62.6255  -8.24019  -226.578   -42.527  -57.5549   69.7399  -67.1474
  41.2011   8.78954  -257.253  -124.095   61.1845   60.6659  -85.5546
  103.277   32.4115  -259.345  -146.404   72.0733   60.1474  -88.6653
  137.337   115.912  -237.035  -134.552   75.4436  -38.3699  -91.5172
  142.281   132.942  -232.852  -131.067   74.4065  -64.5549  -72.0733
  153.268   130.195  -239.127  -129.672   75.9621  -65.3326  -75.7029
  152.718   131.843  -237.733  -126.883   68.1844  -65.0733  -88.4066
  152.718   131.843  -237.733  -126.883   68.1844  -65.0733  -88.4066
  126.899   136.787  -202.874  -119.912   75.9621  -73.6288  -72.3325
   60.428   165.903  -186.142  -20.9149    81.925  -73.6288  -70.5177
 -1.64804    185.13  -131.764   137.341     90.74  -77.5177  -65.5918
 -64.8229   193.919   37.6468    164.53   90.4803  -86.0731  -61.4438
 -88.9941   197.764    94.117   184.051   86.0731  -88.1472  -58.8511
  -96.685   164.804   115.729   218.909   71.2954  -92.2953   64.0363
  47.7932   137.337  -154.073   232.155   87.6286  -100.851   69.7399
  92.2903   152.718  -158.953   221.698   86.8509  -93.3322   79.3324
  57.6813    117.56   -206.36   211.937   81.4065  -97.7393    74.925
  16.4804   101.629   -201.48   229.366   69.9992  -84.7768   71.5547
   26.918   107.672  -227.972   230.064   69.9992   -88.925   79.8509
   26.918   107.672  -227.972   230.064   69.9992   -88.925   79.8509
   15.931   103.826  -228.669   239.127   69.9992  -102.406   92.5541
  56.0333   48.8917  -199.388    164.53   79.3324  -77.5177   86.8509
  101.629  -78.0072  -193.114   66.2304   88.1472  -85.8138   87.8879
  127.448  -107.672  -225.881   6.97162    94.369  -68.7029   81.6657
  76.3591   -134.04  -168.016  -49.4986   71.2954  -64.2955    72.851
  21.9739  -164.255  -142.918  -105.969   70.5177  -54.4438   73.3695
  13.1843  -170.297  -143.616  -148.495   67.1474  -64.0363   68.7029
  1.09869  -190.623  -131.764  -157.559   75.1843  -71.2954   56.5179
 -105.475   -184.58   126.186  -172.896   68.7029  -78.8139  -45.8883
 -123.603  -190.623   167.319  -223.789   62.7401  -86.5916  -64.5549
 -127.998  -200.512   162.439  -178.474   64.8141  -85.8138  -76.7398
 -146.675   -192.82   190.325   -164.53   59.8882  -83.4805  -67.4066
 -157.662  -192.272   195.903  -149.193  -64.2955  -86.5916  -73.1102
   -168.1  -154.916   181.959  -128.975  -64.8141  -88.6653  -75.9621
 -190.623  -113.165   179.868  -105.969  -70.5177  -73.6288  -70.5177
 -199.413  -165.353   197.994   135.947  -79.5917  -73.6288  -62.4807
 -206.004  -95.5862   239.823   147.101   -80.888  -69.7399  -62.2215
 -186.228  -87.8954   208.452   167.319  -67.9251  -67.4066  -60.4067
 -198.315  -63.1748   179.171   184.051  -64.0363  -63.2585   60.9253
 -157.113  -29.1153   173.593   193.811  -71.2954  -61.9622   70.2585
  -151.07  -1.64804   200.085   204.966   -59.629    61.703   78.8139
  -134.59  -3.29607   194.508   198.691  -53.9253   65.0733   76.7398
 -138.435   3.29607   209.149   165.925  -44.3328   68.1844   86.8509
 -119.208   114.813   210.543   172.199   66.6289   65.3326   85.2953
 -104.925   133.491   224.486   147.101   70.2585   57.0363   91.2584
  16.4804    151.07   227.275   128.278   69.2214   51.8513   91.5172
  89.5434   146.675   219.606   26.4922   64.8141  -63.5178   86.8509
  98.3329   155.465   234.246  -39.0412   68.7029  -62.4807   78.5546
  122.504   172.495       221  -148.495   66.1103  -62.7401   70.2585
  144.478   188.426   219.606  -165.925   61.1845  -62.7401   69.2214
   151.62   214.795   230.761  -188.931   55.4809  -65.3326   70.5177
    168.1   203.259    169.41  -213.332   50.0365  -60.4067   63.5178
  182.383   204.906   183.354  -233.549  -52.8883   6.99992   63.2585
  164.804   176.889   146.404   -248.19  -71.5547   62.2215   56.5179
  181.284   167.551   85.0537  -222.395  -76.9991   68.4437  -59.8882
  138.435    151.62   18.8234  -254.465  -73.6288   80.3694  -68.1844
  123.603    151.07  -70.4133  -264.922  -76.4806   76.9991  -68.7029
  129.646   137.886   134.552  -235.641  -84.7768   86.0731  -76.4806
  82.4019   113.715   172.199  -205.663  -99.2955   89.7031  -64.0363
   31.862   102.178   138.735   -253.07  -98.5174   75.1843  -72.3325
  5.49346  -57.6813   109.454  -258.647  -80.3694   73.6288  -64.5549
  48.3425  -5.49346   122.701  -230.064  -89.4434   74.4065  -67.9251
  56.5826   8.24019   165.228  -195.903   -81.925   64.5549  -76.4806
 0.549346    15.931   138.038  -158.256  -67.6659   65.0733  -65.0733
 -111.517   -62.076   41.8297  -157.559  -72.3325   66.6289  -68.4437
 -126.899  -47.7932  -143.616  -122.003  -87.3694    70.777  -65.5918
 -147.225   2.74673  -147.101   134.552  -73.8881   75.1843  -55.7401
 -175.241   40.1023  -222.395   168.713  -67.9251   84.5176  -46.9254
 -175.241  -58.7801  -230.761   180.565  -74.1473   87.6286  -60.9253
 -158.212  -71.4151   -206.36   205.663  -68.7029   86.8509  -65.0733
 -140.083   -101.08  -258.647   221.698  -66.3697    71.814  -77.5177
 -131.294  -106.573  -216.818   228.669  -62.4807   83.2213   -74.925
 -122.504  -87.8954  -257.951   211.937  -65.8511   72.0733  -67.9251
 -99.4317  -17.0297  -237.035  -53.6814   56.2586    74.925  -78.0361
 -67.5697   4.94412  -213.332  -52.2873   61.4438   63.2585  -76.9991
  97.7837   3.84542  -246.796  -105.969   65.3326   62.4807  -91.7768
  123.054   39.0036  -208.452  -115.032   64.5549   60.4067  -68.9622
  130.744   112.616  -222.395  -127.581    74.925   45.8883  -71.0362
  150.521    134.04  -212.634   133.855   76.2213  -60.4067  -70.2585
  153.817   146.126  -238.429   158.953   89.1838  -68.4437  -64.5549
  130.744   166.452  -222.395   173.593   89.1838  -73.1102  -62.7401
  92.2903   177.988  -204.966   179.868   68.9622  -78.5546  -55.7401
  52.1879   162.606  -180.565   189.628   74.4065  -88.4066  -27.7404
  66.4709   144.478  -188.234     196.6   71.0362  -89.1838   62.9993
  4.39478   129.096  -170.107   212.634   79.8509  -85.8138   65.3326
 -38.4542   113.165  -162.439   218.212    74.925   -82.962   67.4066
 -84.0499   78.0072  -121.306   232.852   69.2214  -88.1472   73.3695
  52.1879  -13.7337  -129.672   233.549   75.4436  -96.4437   85.8138
  53.8359  -52.7372  -131.067   191.022   83.7398  -87.8879   86.5916
  97.7837  -103.277  -155.467   172.896   89.1838  -78.0361   91.5172
  138.435  -115.912  -191.022   161.742    83.999  -74.1473   84.2583
  145.027  -157.662  -172.199   160.347   76.2213  -80.1102   78.0361
  145.577  -148.873  -223.092   147.101    82.962  -74.6658    81.925
  145.577  -148.873  -223.092   147.101    82.962  -74.6658    81.925
  145.577  -148.873  -223.092   147.101    82.962  -74.6658    81.925
  145.577  -148.873  -223.092   147.101    82.962  -74.6658    81.925
  145.577  -148.873  -223.092   147.101    82.962  -74.6658    81.925
  145.577  -148.873  -223.092   147.101    82.962  -74.6658    81.925
  145.577  -148.873  -223.092   147.101    82.962  -74.6658    81.925
   126.35   -185.13  -189.628   143.616   89.4434  -83.4805   68.7029
  108.771  -181.834   -154.77   135.249   87.8879  -69.2214   81.6657
  76.3591  -198.315  -147.798  -155.467   77.7769  -68.9622   60.9253
  55.4839  -202.159  -132.461  -167.319   67.6659  -68.1844   58.3326
 -95.5862  -153.817   82.9623  -161.742   67.1474   -70.777  -58.8511
  -109.32  -106.573   119.215  -197.994   65.0733  -77.2584  -65.8511
 -130.195  -91.1915   158.953  -195.206   62.2215  -83.2213  -68.1844
 -145.027   1.64804   191.022  -228.669   49.7772  -84.2583  -72.5918
 -175.791   29.6648   193.811  -174.291  -62.4807  -81.1472  -73.6288
  -184.58  -37.9049   174.291  -177.079  -70.2585  -68.9622  -72.5918
 -197.216  -1.09869   181.262  -158.256   -74.925  -74.6658  -66.1103
 -198.315    26.918    149.89  -149.193  -72.0733  -63.5178  -57.5549
 -180.735  -7.69085   173.593  -125.489  -15.2961  -54.4438   59.3697
 -167.001  -7.14151   193.811   142.918   50.2957   60.4067   69.9992
 -140.083   6.59215    216.12   161.742   60.1474   65.0733    71.814
 -127.448   45.5958    201.48   163.136   59.8882    59.629    82.962
 -113.715   113.715    211.24     196.6    59.629   63.5178   84.5176
 -59.3293   118.659   234.944   175.685   71.0362  -62.4807   75.9621
  110.968   156.014   235.641    140.13   65.5918  -75.1843   79.5917
  136.787   169.199   224.486   146.404   66.1103  -71.2954    71.814
  145.027   191.722   231.458   57.1672   63.2585   -63.777   74.1473
  170.297   211.499   170.107  -137.341    50.555  -18.4072   64.8141
  191.722   215.343    159.65  -181.262  -68.4437   60.4067   62.2215
  200.512    176.34   149.193  -175.685  -81.6657   73.1102  -62.7401
  157.113    159.86   141.524  -183.354  -84.2583   74.6658  -64.2955
  153.817   127.998   92.0253  -263.528  -92.0356   80.1102  -69.9992
  120.856   119.208  -136.644   -265.62  -96.9621   79.0732  -64.2955
  53.2866   78.0072  -146.404  -219.606  -90.9987   85.0361  -61.1845
   28.566   57.6813  -144.313  -221.698  -98.7771   78.8139  -59.8882
  92.2903  -8.78954  -117.123  -251.676   -97.999    81.925   -71.814
  152.169   4.94412   151.284  -250.978  -93.5918   64.5549  -65.5918
  85.1486   2.74673    154.77  -218.909  -88.1472   65.3326  -68.4437
  48.8917         0   185.445  -251.676  -73.6288   61.9622  -62.9993
  1.64804   113.715   117.123  -212.634  -93.5918   75.1843  -76.7398
 -118.659   129.096   74.5964  -149.193  -82.1842   78.0361  -66.1103
 -135.689     125.8    21.612  -180.565  -82.7028   72.5918  -64.8141
 -146.126   106.024   -140.13  -151.284  -65.8511   62.9993  -61.1845
 -156.564   80.7539  -162.439  -138.038   -71.814   70.5177  -62.4807
 -177.439  -68.6684  -193.114  -95.5113  -86.8509    70.777  -69.7399
 -178.538  -81.8527  -217.515   147.101  -76.4806   82.4435  -65.0733
 -172.495  -108.221  -220.303   166.622  -80.3694   76.9991  -61.1845
 -137.886  -125.251  -257.951    164.53  -67.6659   93.3322  -57.5549
 -136.238  -152.169  -237.733   193.811  -65.8511   66.6289  -62.2215
 -99.4317  -62.6255  -257.253   197.994  -65.5918   72.0733  -67.6659
 -58.7801  -15.3817   -248.19   225.881   -37.333   78.2954  -75.1843
 -13.7337   1.64804  -248.886   184.051   58.5919   63.2585  -80.1102
  6.59215         0      -221   172.199    59.629   61.4438  -77.2584
  6.59215         0      -221   172.199    59.629   61.4438  -77.2584
  6.59215         0      -221   172.199    59.629   61.4438  -77.2584
  6.59215         0      -221   172.199    59.629   61.4438  -77.2584
  6.59215         0      -221   172.199    59.629   61.4438  -77.2584
  6.59215         0      -221   172.199    59.629   61.4438  -77.2584
  97.7837   29.1153  -258.647   156.164   74.6658    59.629  -93.0734
  119.758    117.56  -234.944   140.827   75.9621   56.2586  -90.9987
  135.689   127.998   -201.48    112.94   78.5546  -63.5178  -71.0362
  130.744   145.577  -225.183    43.224   79.0732  -73.1102  -75.7029
   117.56   170.297  -236.338  -37.6468   86.3324  -69.7399  -68.7029
 -7.14151   174.143  -177.776   140.827   94.1103  -82.7028  -68.1844
 -58.2308   202.709  -153.376   141.524   89.9619  -86.0731  -65.3326
 -85.6981   205.456  -134.552   163.136   69.4807  -90.2215  -63.2585
 -90.6421    159.31  -98.9971   193.811   78.8139  -92.5541   29.8144
 -14.8323   173.593  -125.489    216.12   77.7769  -92.8137   68.4437
  73.0631    159.86  -158.953   213.332   84.2583  -89.1838   73.6288
  105.475   130.744  -162.439   232.155   83.4805  -96.9621   75.9621
  52.7372   102.728  -172.199   228.669   73.8881  -89.7031   90.9987
   62.076   32.9607  -218.212   175.685   68.4437  -79.8509   90.4803
  112.067  -96.1355   -216.12   64.8361    80.888  -74.6658   76.2213
  149.422  -122.504  -163.833  -33.4637   82.4435  -61.9622   78.5546
  85.6981  -149.422  -193.114   -117.82   72.3325  -59.1105   67.1474
  41.2011  -160.409  -153.376  -112.243    80.888  -54.1846   69.7399
  5.49346  -187.876   -140.13   -145.01    74.925  -67.9251   63.5178
  4.94412   -193.37  -140.827  -156.861   69.7399  -69.4807   59.1105
        0  -182.932   5.57731  -181.262   65.5918  -77.7769   39.9255
 -131.843  -194.469   160.347  -215.423   66.1103  -85.0361  -74.4065
 -142.281  -198.863   180.565  -168.713   54.1846  -95.6656  -73.8881
  -151.07  -191.722   187.537  -133.855  -64.0363  -78.5546   -70.777
 -178.538   -159.31   207.754  -80.1736  -67.4066   -80.888  -64.8141
 -191.173  -137.337   179.171  -34.8581  -68.1844  -78.8139  -64.0363
 -199.413  -97.2342    169.41  -9.76028  -79.3324  -71.0362   -59.629
 -207.103  -132.392   207.754   140.827  -70.5177  -78.8139  -57.2957
 -195.567  -120.307   209.846   140.827  -70.2585  -75.4436  -8.81472
 -167.551   -44.497   185.445   167.319  -67.1474  -63.5178   65.8511
 -182.383  -4.39478   185.445   193.811  -67.4066  -46.1476   73.3695
 -140.633   2.74673   197.297   195.903   -63.777   65.0733   80.1102
  -126.35    6.0428   203.571    169.41   2.33331   70.2585   79.3324
  -117.56   115.363   226.578   146.404   71.0362   67.9251   99.0359
 -77.4578   152.718   226.578   145.707   78.0361   58.8511   89.9619
  85.1486   169.199   221.698   44.6184   64.2955  -63.2585   78.8139
  108.771   156.564   223.789  -133.158   64.5549  -62.4807   72.0733
  108.771   156.564   223.789  -133.158   64.5549  -62.4807   72.0733
  109.869   167.551   233.549   -140.13   60.9253  -70.2585   74.6658
  140.633   171.945   233.549  -152.679   54.1846  -63.5178    71.814
  138.985   195.567   243.309  -172.896   44.3328  -55.2216   65.8511
  165.903   216.443   223.092  -180.565   30.0738  -60.9253    61.703
  180.735   203.259   167.319  -225.881  -18.4072  -38.6292    13.222
  170.847   169.199   131.764  -257.951   -61.703   65.0733  -65.3326
  146.675   145.577   112.243  -233.549  -78.2954   73.6288   -63.777
  146.675   135.139   82.2652      -221  -82.7028   72.5918  -62.4807
  121.955   140.633   15.3376  -262.829  -86.5916   79.8509  -55.9994
  116.461   132.942   142.221  -247.492  -84.2583    81.925  -66.6289
  88.4448   118.109    159.65  -248.886  -102.666   89.4434  -68.7029
  15.3817   9.33888   158.953  -252.372  -96.4437   80.3694  -71.0362
 -1.64804  -59.8788   98.9971  -228.669  -83.4805   68.4437  -61.1845
  42.8491  -13.1843   120.609  -189.628   -82.962    72.851  -69.4807
  87.8954 -0.549346   139.432  -182.657  -79.8509   76.7398  -76.4806
  6.59215   112.067   110.152  -155.467  -79.5917   60.1474  -66.8881
-0.549346   94.4875   48.8013  -137.341  -68.7029   58.3326  -63.2585
 -120.307   87.8954   8.36594  -122.701  -76.7398   67.4066  -65.5918
 -126.899   -15.931  -145.707   139.432  -79.5917   67.9251  -61.1845
  -159.86  -84.0499  -121.306    154.77   -74.925   81.4065  -56.5179
 -169.199         0  -214.029   190.325  -75.1843   86.5916  -47.1846
 -149.422  -68.1189  -217.515   215.423  -67.9251   86.0731  -66.8881
 -145.027  -104.376   -248.19   194.508  -65.0733   68.7029  -67.4066
 -135.689  -94.4875  -234.944   174.291  -65.5918   78.8139   -74.925
 -118.109  -39.0036  -212.634   177.776   -61.703   69.2214  -73.3695
 -90.6421   7.14151  -237.035   142.918   58.5919   62.9993   -81.925
  90.0928    12.635  -227.972   97.6028   64.8141   60.1474  -88.1472
  127.998   115.363  -269.104   12.5489   64.0363   57.5549  -73.6288
  141.182   125.251  -227.275  -107.363   76.7398  -56.7771  -67.1474
  125.251   158.761  -179.868   149.193   84.7768  -65.3326  -61.9622
  85.6981   179.087  -187.537   126.883   76.2213  -78.8139  -47.4439
  50.5399   167.001  -168.016   110.849   79.0732  -88.1472   6.99992
  4.94412   70.8656  -145.707    154.77   76.7398  -87.3694   65.3326
  -15.931   37.3556   -164.53   172.199   69.4807  -91.7768   75.9621
  -62.076   7.14151  -133.855   193.811   65.3326  -90.4803   72.5918
 -85.6981  0.549346  -130.369   211.937   65.0733  -94.6287   82.1842
  85.1486  -50.5399  -146.404       221   75.9621  -92.2953   89.1838
  104.376  -104.925  -184.748   181.959   83.2213  -75.7029   82.4435
  133.491  -118.659  -176.382   168.016   72.5918   -81.925   76.7398
  137.337  -167.001  -202.874    154.77   75.1843  -78.8139   79.5917
  155.465  -175.241  -182.657   166.622   80.3694   -80.888   71.2954
  99.4317  -182.932  -151.284   142.918   88.4066  -66.6289   69.9992
  76.9085  -187.327  -127.581    94.814   84.2583  -72.5918   61.1845
  63.7242  -192.272  -121.306  -142.221   69.4807  -70.2585   58.5919
 -72.5136  -174.143   32.7667  -158.256   72.5918  -75.9621  -61.9622
 -105.475  -86.2474   98.2998  -185.445   70.5177  -72.3325  -64.2955
  -134.04  -4.94412   156.861   -191.72   62.2215  -80.3694   -72.851
 -154.366   53.2866   177.776  -209.846  -59.8882   -88.925  -86.5916
 -173.593   67.0202   180.565  -199.388  -65.8511  -89.7031   -74.925
 -194.469   -46.145    216.12   -186.84  -70.2585  -76.2213  -62.2215
 -196.666  -4.94412   160.347  -161.044  -79.5917  -67.6659  -66.6289
 -204.906   14.8323   155.467  -151.981  -69.4807  -67.6659  -64.0363
 -166.452  -7.69085   181.959  -125.489  -69.2214   17.1109  -58.0734
 -168.649   4.39478   197.297   128.975  -69.2214   60.1474    59.629
 -146.675   13.1843   230.064   155.467  -60.1474   69.9992   66.6289
 -133.491   23.0726   233.549   184.051  -57.8142   64.0363   73.1102
 -136.238   31.3127   221.698   188.931  -55.7401   66.6289   72.3325
 -93.9382   116.461   233.549   172.896   70.2585  -4.66662   84.7768
  78.5565   140.633   236.338   181.959   73.8881  -67.1474   91.7768
  97.2342   139.534   213.332   161.044   77.7769  -66.3697   95.9252
  140.083   186.778   236.338    117.82   73.1102  -67.9251   69.7399
  153.817   184.031   224.486   100.391   69.7399  -67.1474   79.8509
  173.044   215.343   167.319  -147.798   66.1103   59.8882   66.6289
  198.315   207.103   166.622  -177.776   58.5919   66.8881   66.8881
  200.512   206.004   172.896  -197.297   35.7774   68.7029   56.7771
  192.272   179.087   143.616  -188.931  -66.6289   76.7398  -20.9998
  174.692   136.787   126.883  -239.127  -66.3697   80.6287  -60.6659
  157.113   131.294   108.757  -250.282  -71.5547   84.2583  -68.1844
  116.461   99.9809  -157.559  -254.465  -77.5177   86.3324   -74.925
  62.6255   52.7372  -131.764  -241.915  -78.2954    70.777  -60.4067
  78.5565   99.4317   137.341  -252.372  -90.2215   89.1838  -65.5918
  118.659   86.2474    149.89  -264.223  -84.5176   68.4437  -69.9992
  106.573   93.3888   175.685  -227.972  -85.8138   68.7029  -65.8511
  73.6123   82.9512   195.903  -228.669  -84.2583   66.6289  -67.6659
-0.549346   121.955   110.849  -177.079   -88.925   78.8139  -68.1844
 -108.771   145.027   87.1454   -169.41  -95.9252   76.4806  -60.1474
 -125.251   112.067  -135.249   -145.01  -82.1842   65.0733  -61.1845
 -145.027   103.277  -134.552  -158.256  -84.2583   62.2215  -57.8142
 -168.649  -38.4542  -179.171  -121.306  -87.3694    74.925   -59.629
 -167.001  -52.1879  -183.354   56.4701  -85.8138   77.5177  -65.5918
  -192.82   -100.53  -219.606   153.376  -82.1842   78.0361  -70.2585
 -167.551  -128.547   -211.24    164.53  -68.1844   83.4805  -57.2957
 -146.126  -127.448  -214.726   186.142  -69.2214   79.8509  -58.5919
 -115.363  -51.0892   -248.19   179.171  -65.5918   81.6657   -61.703
 -104.376  -69.2176  -221.698   214.029  -61.1845   65.0733  -66.6289
  -44.497  -8.78954  -223.789    216.12  -65.0733    72.851   -74.925
  48.3425   2.19739  -226.578   195.206   58.5919   63.2585   -83.999
  68.1189   5.49346  -224.486   161.742   64.2955   59.1105  -85.2953
  94.4875   35.7074   -216.12   175.685   67.1474   65.3326  -79.5917
  94.4875   35.7074   -216.12   175.685   67.1474   65.3326  -79.5917
   96.685   64.8229  -232.852   157.559   65.0733   59.1105  -87.6286
   96.685   64.8229  -232.852   157.559   65.0733   59.1105  -87.6286
  97.2342   110.968  -222.395    140.13   64.2955   57.0363  -91.7768
  97.2342   110.968  -222.395    140.13   64.2955   57.0363  -91.7768
  121.955    126.35  -214.029   142.918   71.5547   54.9623   -94.369
  141.182   135.139  -230.064   107.363   75.9621   -61.703  -72.0733
  127.998   149.972  -202.874   41.8297   80.1102  -71.0362  -74.6658
  89.5434   165.353  -213.332  -12.5489   80.3694  -78.2954  -67.9251
 -27.4673   181.834  -174.988    154.77   81.6657  -82.7028  -65.5918
 -65.9215   196.666  -145.707   151.981   86.0731   -82.962  -67.1474
 -76.3591   160.958  -126.883   166.622   82.7028  -91.2584  -61.9622
  -96.685   147.225  -32.7667   202.874   74.6658  -96.4437   -51.592
 -49.9905   141.731   8.36594    206.36   76.9991  -100.073   61.9622
  34.0595   136.238  -149.193   225.881   83.2213  -100.591   67.4066
  75.2605   114.813  -165.228   220.303    96.184  -93.5918    74.925
  88.4448   115.912  -173.593   231.458   87.8879  -97.4806    74.925
  7.14151   64.8229  -183.354   226.578   81.1472   -94.369   78.2954
  14.8323  -80.7539  -191.022   212.634   73.8881  -74.1473   91.7768
  54.3854  -105.475  -208.452  -62.0473   85.2953  -86.8509   80.1102
  108.771  -126.899  -165.228  -105.271   86.8509  -74.6658   85.0361
  89.5434  -162.606  -192.417  -125.489   87.1101  -63.5178   75.1843
  49.9905  -181.284  -176.382  -122.701   80.3694  -54.7031   72.3325
  49.4412  -183.482   -140.13  -137.341   84.2583  -66.8881   66.6289
  9.33888  -193.919  -142.221  -163.833    74.925  -70.5177   58.3326
  2.19739  -200.512   87.8425  -170.805   64.5549  -72.3325   3.88884
 -114.264  -190.623   162.439  -202.874   65.8511  -83.2213  -64.2955
 -130.744  -188.974   151.981   -211.24   64.0363  -85.8138  -65.3326
 -149.422  -157.662   186.142  -129.672  -61.4438  -93.5918  -68.4437
 -153.817  -148.323   198.691  -79.4765  -65.0733  -87.3694  -69.2214
 -169.748  -117.011   221.698   1.39432  -68.9622  -79.8509  -65.8511
  -201.06  -73.0631     196.6   90.6312  -73.3695  -71.0362  -59.3697
 -186.228  -116.461   209.846   140.827  -79.3324  -78.2954   57.8142
 -197.216  -83.5007   233.549   142.221  -69.9992  -65.8511   67.9251
 -204.906  -57.1321   208.452   150.587  -69.4807  -67.9251    63.777
  -193.37  -38.4542   220.303    186.84  -66.1103  -65.8511   73.8881
 -164.255  -12.0856   172.896   183.354  -61.1845   56.2586   86.5916
  -159.31   11.5363   203.571    201.48  -57.8142   63.2585   92.0356
 -140.083    14.283   195.206   155.467    20.222   65.0733   93.0734
 -108.771   117.011   230.761   179.171   70.2585   60.4067   91.5172
 -98.8824    134.59   209.846   136.644   72.0733   59.8882    94.369
  71.9644   154.366   194.508   122.003   70.2585   24.6294   73.3695
  114.264   188.426   223.092  -138.735   77.7769  -30.5923    71.814
  138.435    201.61   195.903   -164.53   68.1844  -63.5178   61.4438
  165.353   207.653    186.84   -191.72   58.3326  -63.5178   53.6661
  180.186   197.764     196.6  -225.183  -66.6289  -58.3326   23.3331
  181.834   207.103   146.404  -214.726  -69.7399   60.9253  -64.0363
  181.284   165.903   135.947  -209.149   -74.925   65.5918  -65.8511
  160.409   165.353   95.5113   -253.07   -72.851   69.2214  -64.8141
  129.646   147.225   57.1672  -230.761  -87.6286   69.2214  -59.3697
  103.826   137.337  -23.0064  -237.733  -80.1102   75.7029  -55.2216
  118.109   115.363   146.404  -212.634  -85.2953    82.962  -66.8881
  51.6385   89.5434   165.228  -261.435  -98.5174   76.2213  -68.7029
   14.283  -59.3293   132.461   -211.24  -97.4806   79.3324   -61.703
  -31.862  -76.9085   86.4481  -204.269  -97.4806   78.5546  -65.8511
  61.5268  -19.7764    149.89  -195.206  -93.0734   65.3326  -71.0362
  13.7337   9.88824   157.559  -171.502  -86.0731   73.1102  -79.3324
 0.549346   121.406   103.877  -163.833  -70.5177   65.5918  -62.9993
  -15.931   110.968   47.4071  -128.975  -70.5177   63.2585  -62.2215
 -119.208   71.9644  -156.164   132.461  -85.5546   69.4807   -61.703
 -130.195  -17.0297   -186.84    145.01  -86.5916   68.7029  -58.0734
 -150.521  -82.4019  -187.537   165.228  -76.4806   74.4065  -57.2957
 -164.255  -18.6778  -216.818   180.565  -74.4065   85.0361   -51.592
 -182.932  -57.1321  -210.543   197.297  -81.4065   82.1842   -61.703
 -147.774  -87.8954  -213.332   225.881  -65.3326   82.4435  -65.0733
  -142.83  -85.1486  -228.669   190.325  -68.4437   81.4065  -79.5917
 -132.392  -17.5791  -232.155   129.672   -59.629   67.9251  -68.1844
 -99.4317  -8.24019  -248.886   127.581   63.2585   66.1103  -76.9991
  94.4875   6.59215  -244.703   87.1454   58.0734    63.777  -82.7028
  101.629   40.1023  -215.423   99.6942   68.1844   60.9253  -85.2953
  139.534   121.955  -226.578  -132.461   76.9991   57.0363  -86.0731
  146.675   135.139  -191.022  -138.038    82.962  -60.6659  -68.1844
  125.251   158.761  -163.833   142.221   79.5917  -65.5918  -60.1474
  75.8098   154.366  -182.657   161.742   78.5546  -72.5918  -43.8143
  67.5697   35.7074  -162.439   188.931   80.1102  -92.2953   59.8882
  2.19739   9.88824  -167.319   204.269   78.5546  -90.4803   70.2585
 -11.5363   2.19739  -143.616   229.366   69.9992   -88.925    71.814
 -53.2866         0  -133.158   235.641   78.8139  -91.5172   80.1102
 -27.4673  -21.4244  -120.609   235.641   69.2214   -96.184   86.0731
  46.6945  -47.2438  -135.947   225.881    72.851  -87.8879    81.925
  123.603  -98.8824  -165.228   165.925   85.5546  -74.1473   72.5918
  149.972  -138.435  -193.811   168.713   81.6657  -75.7029   72.5918
   151.62  -181.284  -197.297   138.735    82.962  -79.0732   75.1843
  103.826  -187.327  -194.508   118.517   85.2953  -73.8881   67.6659
  75.8098  -199.413  -149.193  -146.404   76.2213  -67.1474   61.1845
  68.6684  -187.876  -115.729  -153.376   78.8139  -68.9622   59.3697
  -30.214   -151.07   23.0064  -171.502   69.2214  -69.7399  -60.6659
 -103.277   -31.862   135.249  -219.606    63.777  -81.6657  -73.8881
 -117.011  -3.29607   149.193  -222.395    63.777   -88.925  -72.5918
 -150.521   40.6516   174.291  -182.657  -9.59252  -92.2953  -83.7398
 -169.199   32.9607   194.508    -196.6  -66.6289  -79.8509  -83.2213
 -171.396  -39.0036   204.269   -169.41  -62.9993  -67.6659  -66.3697
  -185.13  -2.19739   214.029   -149.89  -75.9621  -67.9251  -63.5178
  -184.58   7.69085    159.65  -128.278  -90.4803  -61.1845  -67.9251
  -201.06   59.3293   175.685   134.552  -65.8511  -49.7772  -62.4807
 -158.761   2.19739   189.628   147.798  -72.5918   57.0363   59.8882
 -154.366   18.1284   202.874   184.051  -60.1474   69.9992   66.8881
 -147.774   16.4804   200.085   197.297  -57.8142   64.5549   76.7398
 -114.813    109.32   203.571   182.657   62.9993   55.4809   84.2583
 -78.0072   135.139   221.698   149.193   66.8881  -68.7029   85.0361
  96.1355   152.718   208.452   111.546   75.4436   -71.814   82.7028
    125.8   172.495   220.303   105.969    74.925  -65.5918   89.1838
  153.268   187.327   224.486  -142.221   73.3695  -64.2955   78.2954
  160.958   211.499   178.474  -158.953   66.3697   58.8511   66.6289
  173.044   196.116   190.325  -178.474   63.5178   67.4066   63.5178
  208.752   177.988   144.313  -211.937   -63.777   71.0362   44.3328
  164.255   155.465   151.981  -194.508  -70.2585   68.9622  -49.2587
  146.675   123.054  -130.369  -230.064  -73.8881   85.0361  -68.4437
  120.856   90.6421  -140.827  -215.423   -81.925   75.1843  -65.5918
  89.5434   42.8491  -128.975  -237.035  -73.1102   72.5918  -59.8882
  111.517   103.277   17.4291  -241.915  -86.8509   80.3694  -58.5919
  148.323   97.7837   160.347  -204.966  -88.4066   79.8509  -66.8881
  87.3461   81.8527   172.896  -239.127  -93.0734   69.7399  -75.7029
  21.9739   76.9085   151.981  -235.641  -96.7025   65.0733  -67.9251
 -1.64804   99.9809   146.404      -221  -84.5176   66.1103  -67.1474
 -91.1915   114.813   115.729  -203.571  -86.8509   69.2214  -77.5177
 -108.221   115.363   53.6814  -185.445  -88.4066   68.7029  -66.8881
 -108.221   115.363   53.6814  -185.445  -88.4066   68.7029  -66.8881
 -108.221   115.363   53.6814  -185.445  -88.4066   68.7029  -66.8881
 -108.221   115.363   53.6814  -185.445  -88.4066   68.7029  -66.8881
 -127.448   133.491   13.9432  -189.628  -78.8139   72.5918  -72.0733
 -146.126   124.702  -138.735  -173.593  -91.2584   74.6658   -59.629
 -140.633   99.4317  -143.616  -152.679  -77.7769   62.9993  -56.2586
 -154.916   56.5826   -154.77  -134.552  -81.6657   78.0361  -59.3697
 -170.847  -75.2605  -185.445   66.2304  -75.4436   75.1843  -68.1844
 -191.173  -88.4448  -209.846   147.101  -71.2954    80.888  -70.2585
 -184.031  -91.1915  -188.931   147.798  -78.0361   89.1838  -70.5177
 -184.031  -91.1915  -188.931   147.798  -78.0361   89.1838  -70.5177
 -195.567  -86.7966  -192.417   136.644  -74.4065    81.925  -68.4437
 -171.396  -99.4317  -174.291   148.495  -74.6658   84.7768  -65.8511
 -171.396  -99.4317  -174.291   148.495  -74.6658   84.7768  -65.8511
 -180.735  -97.2342  -174.988   153.376  -86.8509   72.0733  -70.2585
 -168.649  -103.826  -208.452    149.89  -75.4436   81.6657  -62.4807
 -168.649  -103.826  -208.452    149.89  -75.4436   81.6657  -62.4807
  -176.34  -108.221   -216.12   158.953  -64.2955     90.74  -69.4807
 -150.521  -120.856  -218.212   150.587  -66.6289   93.5918  -62.4807
 -148.873  -107.672  -191.022   163.833  -69.7399   80.3694  -61.9622
 -148.873  -107.672  -191.022   163.833  -69.7399   80.3694  -61.9622
 -148.323  -106.573  -211.937   163.833  -69.4807   85.5546  -69.7399
 -148.323  -106.573  -211.937   163.833  -69.4807   85.5546  -69.7399
 -146.675  -109.869  -256.555   165.228  -73.6288   86.0731  -66.1103
 -143.929  -121.955   -216.12   176.382  -74.1473   85.2953  -66.1103
 -143.379  -135.139   -211.24   165.228  -74.1473   76.9991  -63.5178
 -157.113  -135.139  -242.613   170.107  -62.9993   77.7769  -60.1474
  -126.35  -133.491  -224.486   184.051  -77.7769   70.2585   -59.629
 -52.7372  -53.2866  -214.726   207.754  -64.2955   69.4807  -68.4437
  9.88824         0  -210.543   223.789  -64.2955   67.1474  -75.1843
  47.7932   6.59215  -227.275   217.515   15.5554   62.2215   -74.925
  57.1321   13.1843  -241.915   213.332   61.9622   62.7401  -80.1102
  103.277   107.672  -223.092   161.742   66.3697   59.1105   -81.925
  103.277   107.672  -223.092   161.742   66.3697   59.1105   -81.925
  129.096    151.07  -237.035   152.679   73.8881  -68.4437   -74.925
  119.758    151.07  -200.085   125.489   72.0733   -70.777  -73.1102
  76.3591   170.297   -186.84   135.249   94.6287  -80.6287  -75.9621
  -6.0428   205.456  -148.495   154.073   78.2954  -80.6287  -67.1474
 -117.011   149.422  -62.0473   184.748    70.777  -96.9621  -60.1474
 -95.5862   129.096   29.2809   199.388   72.5918  -95.9252   61.9622
  36.2569   115.363  -140.827   231.458    83.999  -100.591   62.7401
  58.2308   115.912  -156.164   230.064   92.2953  -93.5918   69.4807
  97.2342   91.1915  -186.142   214.726   83.4805  -93.3322   82.7028
  43.3983  -71.4151  -192.417   227.275   72.0733  -87.6286   83.7398
  32.4115  -75.2605  -179.171   229.366   64.5549  -92.5541    88.925
  94.4875  -110.419  -245.402   170.107   79.8509  -86.3324   86.0731
  146.675  -157.113  -195.206   174.988   89.7031  -71.2954   75.9621
  86.7966  -162.606  -174.291   151.981   73.1102  -61.9622   67.9251
  37.9049  -183.482  -130.369   139.432   75.9621  -53.6661   60.4067
  9.88824  -195.567  -163.136   103.877   69.7399  -67.1474    61.703
        0  -191.722  -117.123   -145.01   66.1103  -69.9992  -20.4812
 -124.152  -199.413   99.6942  -163.833   61.9622  -78.8139  -65.3326
 -143.379  -146.126   167.319  -200.085   18.9257  -92.5541  -68.9622
 -166.452  -135.139   204.269  -216.818   -61.703  -88.6653  -59.8882
 -176.889  -96.1355   223.789  -217.515  -70.5177  -85.8138  -61.9622
 -206.555  -40.6516   174.291  -168.713  -76.2213  -77.7769  -51.0735
 -206.555  -87.3461   183.354  -167.319  -79.3324  -66.8881   64.2955
 -167.001  -29.1153   215.423  -148.495  -69.7399  -67.9251   67.6659
 -155.465  -30.7635   193.811  -129.672  -66.1103   -63.777   67.6659
 -164.804 -0.549346   173.593   147.101  -56.7771    51.592   84.5176
  -126.35   7.69085   193.114   151.284   -13.222    59.629   83.7398
 -99.4317   107.123   216.818     196.6   69.7399   67.4066   91.7768
 -82.9512   121.406   223.092   195.903   68.7029   62.4807   85.0361
 -52.7372   150.521   236.338   177.776   80.1102   56.2586   81.6657
  87.3461   150.521   220.303   158.953   71.5547   55.7401   79.5917
  133.491   168.649   234.944   157.559   66.8881   58.3326   72.3325
  143.379   211.499   223.092   145.707   60.9253   24.1108   59.8882
  170.297   202.709       221   62.7447   59.3697   5.70363   49.7772
  193.919   194.469   176.382  -142.918  -63.2585  -16.0739   28.5182
  153.817   193.919    159.65  -168.713  -75.4436   60.4067  -61.9622
  141.182   167.001   100.391  -171.502  -82.1842   70.5177  -66.6289
  138.985    151.07    64.139  -218.212  -87.8879    70.777  -60.4067
   79.106   133.491 -0.697162  -249.584  -79.5917   79.5917  -58.5919
   126.35   104.925   144.313  -231.458  -88.4066   90.2215  -60.4067
  71.9644   89.5434   166.622  -239.823  -86.3324    96.184  -72.0733
  40.6516  -47.7932   150.587  -231.458  -90.9987   72.0733  -74.6658
  18.6778  -62.6255   151.981  -249.584  -85.8138   76.9991  -69.7399
  10.4376  -80.2045   157.559  -227.972  -80.1102   65.8511  -63.5178
  58.7801  -31.3127   165.925  -263.528  -93.0734   75.4436  -71.0362
  12.0856 -0.549346   141.524  -197.297  -94.1103   68.1844   -80.888
 -2.19739   109.869    103.18  -189.628  -67.4066   59.1105  -69.2214
 -34.0595   140.083   59.9559  -161.044  -67.6659   56.2586  -61.1845
 -110.419   118.659  -143.616   -145.01  -75.9621   64.2955  -68.7029
 -122.504   97.2342  -165.925  -168.016  -78.5546   66.1103  -61.1845
 -132.392   69.2176  -167.319  -140.827  -81.1472   68.9622  -59.3697
 -143.379   34.6087  -170.805  -142.221  -70.5177   71.5547  -56.2586
 -162.057  -82.4019  -212.634   128.975  -68.4437   82.1842  -49.2587
 -181.284  -93.3888  -193.811   135.947  -74.6658   81.1472  -46.1476
  -184.58  -109.869  -144.313   150.587  -73.8881   79.3324  -59.1105
 -143.379  -124.702  -240.521   177.776  -67.9251   86.8509  -69.2214
 -141.182   -96.685  -234.246   193.811  -63.2585   70.5177  -71.0362
 -108.771  -11.5363  -246.097   175.685  -38.6292   81.4065  -73.6288
 -85.6981   8.24019  -191.022   165.925   58.3326   68.7029  -74.6658
 -1.09869   11.5363  -237.035   81.5679   68.7029   59.8882  -85.8138
  106.024   102.728  -227.275   27.8865   71.2954   61.4438  -75.4436
  132.942   128.547   -216.12  -85.0537   75.9621   58.5919  -72.3325
  154.916   141.731  -202.874   137.341   84.5176  -68.9622  -55.2216
  153.817   157.113  -216.818   154.073   80.6287   -63.777  -45.8883
  125.251   171.945  -172.199   161.742   80.1102  -72.3325  -23.3331
  110.968   175.241  -180.565   179.868   74.4065  -74.6658  -7.51843
   44.497   188.974  -135.947   181.959   77.7769  -76.9991   29.0367
  78.5565   170.297  -163.136   230.064    83.999  -89.4434   59.1105
  16.4804   147.774   -164.53   218.212   82.4435  -80.1102   66.1103
  16.4804   147.774   -164.53   218.212   82.4435  -80.1102   66.1103
   6.0428   153.268   -159.65   232.852   81.1472  -93.5918   72.3325
  3.29607   145.027  -160.347   234.246   72.3325  -98.2578    71.814
  7.14151    151.62  -161.044   244.007   76.7398  -92.8137   71.0362
  7.14151    151.62  -161.044   244.007   76.7398  -92.8137   71.0362
  7.14151   163.156   -154.77   232.852   73.8881  -100.332   72.0733
 -8.24019   153.268  -151.981   218.212   81.4065  -96.7025   67.6659
 -47.7932   131.294  -145.707   217.515   79.0732  -93.0734   84.5176
  21.9739   115.363  -138.038   185.445   79.5917  -92.0356   83.7398
  21.9739   115.363  -138.038   185.445   79.5917  -92.0356   83.7398
  20.3259   95.5862  -142.918   211.937    80.888  -96.9621    82.962
  47.2438   58.7801  -176.382   168.016   81.6657  -93.8506   79.5917
  90.0928  -80.7539  -174.988    169.41   78.0361   -81.925   86.5916
  147.774  -128.547  -200.783   137.341   67.6659  -68.4437    70.777
  72.5136  -137.337  -135.947   103.877    74.925  -76.2213    70.777
   30.214  -161.508  -142.221   58.5616   76.7398   -83.999   66.6289
  1.09869  -182.383  -115.032  -151.284    74.925  -77.2584   60.9253
 -5.49346  -198.863  -85.0537  -160.347   68.4437  -82.4435   55.4809
  -15.931  -199.961  -52.9843  -188.931   63.5178  -75.4436  -43.5551
 -115.912  -188.974   77.3851  -191.022   64.8141  -81.4065   -70.777
 -121.955  -187.327   146.404  -218.909   60.4067  -80.6287  -70.5177
 -147.774  -175.791   152.679  -229.366   57.2957  -87.8879  -75.1843
 -158.761   -134.04    169.41  -170.805   -61.703  -68.7029  -81.1472
 -179.636  -157.662   197.297  -151.284  -64.5549  -71.5547  -82.1842
 -178.538  -77.4578   217.515  -150.587  -73.6288  -68.9622  -71.0362
 -185.679  -23.0726   218.909  -143.616  -80.1102  -68.1844   -70.777
 -185.679   8.24019   172.199  -119.215  -75.7029  -58.3326  -69.2214
 -206.004  -5.49346    149.89         0  -64.2955  -53.6661  -66.6289
 -164.255  -2.19739   172.896   149.193   -70.777   35.2588  -58.8511
 -173.593   111.517   184.748   172.896  -68.7029   60.1474   63.5178
 -137.337   113.715   195.206   173.593  -65.0733   60.4067   61.1845
 -141.731   94.4875   215.423   191.022  -60.4067   63.5178   73.3695
 -120.856   101.629   171.502   211.937    -31.37   57.5549   72.3325
 -119.758   112.067   251.676   177.079   68.9622   4.66662   86.0731
 -66.4709   148.323   220.303   137.341   69.7399  -71.5547   89.4434
  98.3329   146.126   209.149   80.8709   81.4065  -67.6659   89.1838
  119.758   157.113   223.789   16.7319   73.1102  -62.9993   94.8875
  147.225   186.778   181.959  -132.461   71.0362  -55.9994   92.8137
  160.409   200.512    169.41  -149.193   62.2215   58.0734   75.7029
   185.13   196.116   182.657  -172.896   64.0363   64.5549   73.8881
  200.512   212.597   153.376  -197.297   26.7034   72.3325    61.703
  207.653   205.456   133.158  -216.818  -66.8881   74.1473   45.8883
  158.212   143.379   133.855  -193.114  -73.1102   75.7029  -65.8511
  144.478   123.054  -131.067  -208.452  -75.4436   82.1842  -65.0733
  138.435   98.8824  -133.855  -230.064  -82.4435   89.7031  -67.4066
  115.363   47.2438   -103.18  -226.578  -80.1102   76.9991  -64.8141
   101.08   21.9739   -112.94  -258.647  -94.1103    63.777  -60.1474
   142.83   119.758   129.672  -264.223  -93.8506   79.5917  -64.2955
  130.195   110.968    145.01  -237.733  -89.4434   80.6287   -70.777
  66.4709   82.4019    191.72  -250.282  -87.3694   68.1844  -78.5546
  25.8193   65.3722    159.65  -228.669  -96.4437   65.5918  -67.9251
  5.49346   104.376   127.581  -199.388  -83.2213   66.3697  -65.8511
 -116.461   115.912    42.527  -165.925  -87.6286   70.2585  -62.4807
  -134.04   131.294    21.612  -161.044  -79.3324    74.925  -66.6289
 -138.435   119.758  -148.495  -157.559  -82.4435   81.6657  -58.3326
  -134.04   83.5007  -176.382  -132.461  -74.6658   70.2585  -55.7401
 -153.268   69.7669  -154.073  -130.369  -83.4805   73.3695  -62.2215
 -160.409   21.4244   -159.65  -106.666  -75.7029    80.888  -58.5919
 -163.156  -57.6813  -181.959  -124.095  -84.2583   76.7398  -66.6289
 -196.666  -88.9941  -182.657   153.376  -70.5177   90.9987  -72.5918
 -158.761  -98.3329  -197.297   161.044  -86.5916   86.0731  -64.5549
 -142.281  -133.491  -260.739   182.657  -73.6288    74.925  -60.6659
 -39.5529  -63.1748  -230.064    206.36  -67.9251   66.3697  -64.5549
  17.5791  -8.78954  -243.309   225.183  -66.1103   73.6288  -69.2214
  49.9905 -0.549346  -237.733   237.035  -62.4807   69.4807  -69.4807
  53.8359  -5.49346  -234.246   225.183  -64.2955   73.3695  -72.0733
  65.3722  -1.64804  -214.029   168.016    59.629   58.5919  -75.7029
   60.428    14.283      -221   200.085   64.5549   58.0734  -83.2213
  88.9941   120.856  -198.691   163.136   72.3325   54.4438  -80.6287
  123.054   133.491  -209.846   162.439   68.9622  -62.9993  -74.1473
  141.731   135.139  -237.035   158.953   78.2954  -71.0362  -73.1102
  149.972   149.972  -227.275   154.073   77.7769  -70.2585  -74.6658
   117.56   167.001  -228.669   114.335   80.1102  -78.0361  -78.2954
  68.6684   162.606  -185.445   110.152   97.2209   -70.777  -64.2955
   28.566    184.58  -163.136   151.981   86.3324  -82.7028  -67.1474
  -6.0428   158.212  -150.587   167.319   86.0731  -88.1472  -64.5549
 -109.869   196.666  -131.764    169.41   89.1838   -96.184  -64.5549
 -116.461   170.297  -105.271   174.291    80.888  -88.1472  -60.4067
  -101.08   138.985  -34.8581   198.691   69.4807  -88.1472   66.6289
  37.9049   131.843  -137.341   197.994   90.4803  -95.6656   73.3695
  70.8656   110.419   -164.53   220.303   85.2953  -83.7398   75.4436
  110.419   79.6552  -176.382   229.366   71.5547  -84.5176   83.2213
  49.4412   -62.076   -201.48   227.972   78.8139   -83.999   85.0361
   109.32  -119.758  -223.092   157.559   79.0732   -70.777   83.7398
  109.869  -131.843  -179.171   165.228   81.4065  -74.6658   75.9621
  106.024  -154.916  -223.789    164.53   87.3694  -66.8881   75.7029
  42.8491  -173.593  -166.622   138.038   84.7768  -59.3697   65.8511
  17.5791  -183.482  -143.616   115.032    72.851   -51.592   57.2957
  3.84542   -201.61  -145.707   80.1736   70.5177  -68.4437  -61.4438
  3.84542  -194.469   -145.01  -125.489    63.777   -72.851  -65.5918
 -108.221   -201.06   84.3567  -163.136   64.5549  -79.8509  -73.3695
  -126.35  -208.752   147.798  -184.748   62.2215  -87.6286  -78.5546
 -154.366  -177.439   168.016  -198.691   -39.407  -86.5916  -76.4806
 -158.761  -136.238   193.811  -197.297  -62.2215  -91.7768  -71.5547
 -171.396  -117.011       221  -170.805  -67.1474  -79.8509  -64.0363
 -202.709   -44.497   204.269    -196.6  -77.5177  -68.9622  -62.7401
 -205.456  -10.4376   174.988  -160.347  -71.0362  -77.5177  -53.9253
 -160.409  -81.3032   207.057  -157.559  -67.9251  -69.7399   64.8141
 -155.465  -9.33888   252.372  -124.095  -64.0363  -64.0363    74.925
 -148.323  -25.2699   247.492  -122.701  -57.8142  -66.8881   73.1102
 -145.027   1.09869   165.228   139.432  -57.2957   -22.296   74.6658
 -129.646    6.0428   154.073   149.193  -52.1105   56.5179   78.5546
 -116.461   108.221   204.269   174.988   60.6659   65.0733   84.5176
 -95.5862   124.152   235.641   194.508   68.9622   60.4067   94.8875
 -55.4839   137.886   231.458   199.388   74.4065   55.7401   98.7771
  101.629   145.577   225.183   178.474    83.999   54.7031   95.1471
  136.238   188.974   234.246   162.439   69.2214   57.8142   77.5177
  140.633   186.778   234.246   136.644   66.6289   52.3698   72.5918
  165.903   194.469   234.944   70.4133   60.9253   39.6662   70.2585
  163.156   202.709   193.114   1.39432   60.9253     31.37   66.1103
  187.327   194.469   158.953  -142.918  -58.5919   10.6295   65.8511
  204.906   202.159   203.571  -147.798  -68.4437  -6.48141   59.8882
  171.396   177.439   168.713  -183.354  -71.5547   60.6659   61.4438
  130.195   180.735   106.666  -170.805  -79.5917   69.2214  -63.2585
  123.603   149.972   57.8645  -211.937  -77.2584   65.0733  -68.7029
  59.3293   136.787   6.27446  -225.881  -87.8879   75.1843  -61.4438
  58.7801   132.392  -3.48581  -215.423   -83.999   80.6287  -64.0363
  92.2903   107.672   161.742  -250.978  -84.5176   92.2953  -68.1844
  118.109   9.88824   149.193  -220.303  -86.0731   87.1101  -68.4437
  60.9775  -29.6648   175.685  -242.613  -97.7393   83.7398  -68.4437
  23.6219   -109.32   146.404  -204.269   -74.925   71.5547  -62.9993
  65.9215  -32.4115   150.587  -240.521  -86.3324   78.5546  -65.8511
   15.931   -15.931   132.461  -200.085  -78.5546   69.2214  -74.6658
 -13.7337   9.88824   120.609  -172.896  -71.2954   65.8511  -75.1843
 -49.4412   112.067   77.3851  -151.284  -83.4805   60.1474  -67.9251
 -104.376   114.264  -143.616  -163.136  -80.6287   58.8511  -63.2585
   -125.8   82.9512   -149.89  -143.616  -83.4805    70.777  -59.3697
 -153.268  -39.0036  -170.805  -87.8425  -81.6657    72.851  -57.5549
 -162.606  -1.09869  -224.486   111.546  -63.5178   81.1472  -52.1105
 -179.636  -57.1321  -234.944    159.65  -75.1843   91.7768  -59.1105
 -154.916  -64.2735  -220.303   167.319  -70.2585   93.8506  -65.8511
 -145.577  -82.4019  -249.584   174.988  -63.2585   78.5546  -69.2214
 -138.435  -98.3329  -220.303    186.84  -68.1844   73.6288  -77.7769
 -135.689  -18.6778  -236.338   175.685  -61.9622   72.0733  -76.2213
 -106.024  -8.78954  -238.429   102.483   2.85182   69.2214  -78.8139
 -70.3164   2.74673  -232.852  -19.5206   63.5178   66.8881  -77.7769
  96.1355   13.7337  -235.641   -103.18   65.5918   60.6659  -91.5172
  130.744   115.363   -248.19  -126.186   67.1474   58.5919   -80.888
  146.675   127.998  -239.127  -112.243   79.3324   33.7034   -82.962
  128.547   140.083  -174.988   142.221   84.5176  -65.0733  -69.9992
  128.547   140.083  -174.988   142.221   84.5176  -65.0733  -69.9992
  127.448   154.366  -170.805   156.861    80.888  -68.1844  -71.0362
  117.011   160.958  -168.016   155.467   93.8506  -72.5918  -67.4066
   101.08   174.143  -188.234   185.445    80.888  -69.7399  -69.4807
  55.4839    185.13  -161.044   191.022   71.0362  -73.8881  -59.1105
 -40.6516   206.555  -147.798   189.628    83.999  -81.6657   40.1847
  75.8098   170.847   -145.01   232.852   78.5546   -88.925   72.5918
 -1.09869   149.422  -190.325   232.852   83.4805  -96.4437   75.7029
 -8.24019   119.758  -151.981   231.458   75.4436   -96.184    82.962
 -48.3425    117.56  -140.827   183.354   65.3326  -93.3322   83.4805
  6.59215   97.7837  -168.016   174.988   79.8509  -85.5546   87.3694
  31.3127   77.4578  -175.685   174.291   79.8509  -97.7393   95.6656
   109.32  -94.4875  -223.789   151.284   85.5546  -75.9621   78.5546
  120.856  -127.998  -182.657   111.546   74.4065  -73.6288   75.7029
  48.3425  -141.731  -122.701   68.3219   90.9987  -77.5177   76.4806
 0.549346  -165.353  -60.6532  -113.637   78.8139  -80.3694   61.9622
 -9.88824  -172.495  -12.5489   -154.77   87.3694   -74.925   61.1845
  -28.566  -190.623   11.8517  -162.439   73.3695  -71.5547   58.3326
 -47.2438  -200.512  -2.09149   -169.41   60.6659  -76.2213   56.5179
 -124.152  -196.116   92.7226  -174.988   67.4066  -79.3324   -63.777
 -130.744  -198.315   152.679  -195.903   63.2585  -88.4066  -66.8881
 -145.027   -134.04   181.959  -176.382  -10.6295  -85.8138  -74.6658
 -161.508  -106.573   168.713  -158.953  -66.3697  -76.9991  -76.9991
 -186.228  -88.4448   198.691  -179.171   -63.777   -70.777  -78.2954
 -196.666  -52.1879   194.508  -151.284   -74.925   -71.814  -66.1103
 -192.272  -7.14151   185.445  -133.855  -78.0361  -58.3326  -64.5549
 -196.116  -2.19739   195.903   49.4986   -70.777  -49.7772  -62.4807
  -176.34   2.19739   177.776   152.679  -67.1474   9.33322  -26.4442
 -163.156   115.912   192.417   165.925  -72.3325   62.9993   67.9251
 -130.744   125.251   202.177   191.022  -67.1474   68.1844   70.5177
  -117.56   102.178   181.262   241.219  -32.9255   54.7031   79.3324
 -105.475   104.925   216.818   167.319   65.3326   46.1476   79.5917
 -80.7539   110.968   230.761   25.0978   67.9251  -62.4807   83.2213
  74.1618   136.787   234.944  -69.7162   81.6657  -69.7399   86.5916
  118.659   162.057   219.606  -108.757   70.2585  -62.9993   84.2583
  143.379   170.297   195.903  -128.975   78.0361  -62.9993   79.3324
   159.31   196.116   163.833  -147.101   64.0363   60.4067   59.1105
  185.679   204.358   172.199   -145.01   58.5919   65.5918   35.2588
  188.426   212.047   141.524  -225.881  -67.1474   75.9621   2.85182
  160.409   153.817   85.0537   -186.84  -75.7029    83.999  -60.4067
  175.241    142.83   18.8234  -227.972  -76.9991   82.4435  -65.0733
  146.675   114.813  -50.1956  -254.465  -74.4065   84.2583  -68.4437
  145.027   87.3461  -85.0537  -232.155  -81.4065    80.888  -67.4066
  103.277   52.7372  -110.849  -241.219  -80.6287   68.9622   -59.629
  79.6552   21.4244  -119.912  -250.282  -88.6653   73.1102  -59.3697
  130.744   113.165   138.735  -239.127  -89.7031   79.3324  -66.8881
  141.731   114.813   154.073  -211.937  -96.9621   83.2213  -67.9251
  93.3888   106.573   170.107  -239.127  -96.9621   75.7029  -76.2213
  30.7635   68.6684   179.171  -248.886  -96.4437    61.703  -73.3695
  9.88824    26.918   119.912   -206.36   -83.999   64.8141  -69.9992
 -104.925   111.517   46.7098  -172.896   -96.184   66.6289  -68.4437
 -130.195   123.603   32.7667  -175.685  -95.6656   75.9621  -63.2585
 -140.083   92.2903  -150.587  -151.284  -71.0362   67.4066  -61.4438
 -138.985  -2.74673  -179.868  -128.975  -79.8509   74.1473  -58.0734
 -158.212  -78.0072   -164.53   133.855  -74.4065   75.7029  -64.2955
 -181.834  -90.0928  -202.874   153.376  -89.9619   75.7029  -65.0733
 -153.268  -121.406  -215.423   161.742  -72.3325    82.962  -62.7401
 -146.675  -131.294  -239.127    191.72  -73.3695   73.8881  -61.9622
 -52.7372  -55.4839  -249.584   193.114  -69.4807   72.0733  -68.9622
  19.7764         0  -200.783   203.571  -64.0363   73.1102  -68.7029
  40.6516   2.74673  -215.423   211.937  -59.3697   63.5178  -70.5177
  47.2438    15.931  -224.486   199.388    63.777   59.8882  -85.5546
  110.419   124.152  -209.149   185.445   75.9621   54.9623  -84.5176
  119.758   135.689  -243.309   152.679   76.2213  -65.0733  -75.7029
  130.744    151.62  -238.429    149.89   75.4436  -69.9992  -65.5918
  74.1618   179.636   -211.24   85.0537   94.6287  -73.8881   -70.777
  4.94412   179.087  -158.953   142.221   84.7768  -77.7769  -64.5549
 -116.461   147.774  -131.764   173.593   80.3694  -86.3324  -61.9622
 -106.573   145.027   -94.117   183.354   80.1102  -82.1842   62.4807
 -102.728   135.689  -59.9559    191.72   69.2214  -91.7768   62.7401
 -96.1355   139.534  -31.3723   197.297    72.851    -90.74   65.8511
  36.8062   129.096  -149.193   231.458   87.3694  -95.4059   78.5546
  69.2176   95.5862  -155.467   230.064   83.2213  -84.2583   78.0361
  104.925  -49.4412   -186.84   214.029   68.7029  -88.1472   88.4066
   117.56   -60.428  -192.417   203.571   75.4436  -81.4065    82.962
  6.59215  -124.702  -152.679   209.149   72.5918  -89.7031   95.1471
  107.672  -141.182  -204.269    169.41   75.7029  -89.1838   72.0733
  135.139  -156.564  -156.861   185.445   81.4065  -69.2214   70.2585
  110.968  -164.255  -179.171   165.228   87.6286   -61.703   59.3697
  73.0631   -193.37  -185.445   125.489   79.0732  -60.4067   46.6662
  31.3127  -209.302  -147.798   88.5395   71.0362  -65.5918  -64.5549
        0   -201.06  -88.5395  -153.376   69.7399  -72.5918  -66.8881
 -117.011  -202.159   71.1106  -162.439    63.777  -71.0362  -70.2585
 -120.856  -200.512   131.764  -183.354   60.4067  -84.7768  -76.9991
 -143.379  -140.083   181.262  -212.634  -61.1845  -85.2953  -70.2585
 -169.199  -93.3888   199.388   -186.84  -70.5177  -84.2583  -69.7399
 -188.974   -15.931   168.016  -195.206  -75.4436  -72.0733  -64.8141
 -196.116  -4.94412   190.325   -149.89  -71.2954  -78.0361  -16.0739
 -205.456  -18.6778   200.085  -158.953  -73.6288  -70.2585   60.1474
 -152.169  -64.2735   225.183  -130.369  -56.5179  -63.5178   71.5547
 -172.495  -50.5399   185.445  -29.2809  -61.1845   -63.777   68.1844
 -131.843  -5.49346   193.114   138.038   -52.629    52.629   79.3324
  -142.83   8.78954    186.84   161.044   56.5179   65.5918   85.0361
 -101.629   46.6945    211.24   188.931   67.9251   65.0733   89.1838
 -75.2605   118.659   236.338   161.742    71.814   61.1845   86.5916
  101.629   145.577   234.246   163.833   77.7769   48.9994   94.6287
   126.35   165.353   237.035   140.827   74.4065   15.8147   75.4436
   134.04     168.1   232.852   144.313   68.9622   61.4438    80.888
  167.001   181.284   234.246   36.9495   59.8882   57.2957   63.2585
  181.834   213.146   203.571   -159.65  -62.2215    28.259   72.0733
  198.315   214.795   162.439  -162.439  -68.4437   6.74066   60.6659
  135.139   170.847   96.2084  -177.079  -75.4436   58.5919   60.6659
  129.646   165.353    29.978  -179.868  -75.4436   69.7399  -61.4438
  59.3293   163.156  -60.6532  -237.035  -81.1472   72.5918  -72.3325
  28.0166   146.675  -83.6594  -205.663  -78.0361   79.8509  -61.4438
  84.5994   120.856   139.432   -248.19  -87.8879   77.5177  -71.5547
  97.7837   112.616   153.376  -241.915   -97.999   92.0356  -76.9991
  94.4875 -0.549346   178.474  -232.155   -97.999   78.0361  -64.5549
  52.7372  -45.5958   149.193  -214.726  -94.1103   72.3325  -64.2955
  58.2308  -34.6087   154.073  -239.127  -88.1472   79.8509  -65.3326
  2.19739  -22.5232   142.221  -235.641  -80.3694   79.0732  -69.9992
 -7.69085  -7.14151   103.877  -178.474  -78.8139   78.2954  -72.0733
 -39.0036   107.672   75.2934  -217.515   -71.814   60.6659  -70.5177
 -57.6813   118.109   86.4481  -186.142   -83.999   62.2215  -60.4067
  -79.106   128.547   41.8297  -177.776   -61.703   64.0363  -65.0733
 -84.0499   112.067   18.8234   -140.13  -78.2954   56.7771  -59.1105
 -120.856   108.221  -147.798  -152.679  -76.2213   69.9992  -64.8141
 -137.337   64.2735  -145.707  -110.152  -87.6286   76.7398  -60.9253
 -149.972  -40.1023    -196.6    140.13  -66.1103   76.2213  -55.9994
 -162.057  -80.2045  -200.783    145.01  -71.2954   76.2213  -53.9253
 -162.057  -80.2045  -200.783    145.01  -71.2954   76.2213  -53.9253
 -155.465  -76.3591  -193.114    149.89   -70.777   76.2213  -53.1475
 -155.465  -76.3591  -193.114    149.89   -70.777   76.2213  -53.1475
 -158.761  -71.4151  -198.691   152.679  -71.2954   80.6287  -52.8883
 -173.044  -89.5434  -195.206   161.742  -65.0733   84.7768  -49.7772
 -149.972  -131.843  -209.846   177.776  -68.7029   89.9619  -65.0733
 -152.718  -101.629  -227.972   218.212  -64.0363   78.8139  -67.9251
 -135.689  -48.8917  -260.739   177.079  -64.0363   74.1473  -74.1473
 -119.208  -22.5232  -259.345   167.319  -57.8142   69.2214  -78.0361
 -107.123  -3.84542  -258.647   135.947   2.85182   69.2214  -83.7398
 -82.4019  -2.19739  -226.578   140.827    61.703   67.1474  -83.4805
  20.8752   18.6778  -237.733   115.032   70.5177   66.8881  -94.6287
  104.925   74.1618  -248.886   119.215    72.851   59.8882  -72.0733
  131.294   121.406  -225.881   96.9055   72.5918   55.7401  -74.1473
   151.62   141.731  -235.641  -126.883   79.8509  -13.7406  -71.5547
  122.504   148.323  -188.234   134.552   83.7398  -64.5549  -73.8881
  70.8656   168.649  -151.981   176.382   74.6658  -67.4066  -65.5918
  23.6219   186.778  -142.918   188.931   70.5177  -72.5918  -64.5549
  63.7242   152.718  -142.918   182.657   83.7398  -88.4066   62.7401
  82.4019   171.396  -191.022   211.937   76.2213  -101.628   64.8141
  3.29607   149.422   -145.01   200.783   67.6659  -95.9252   74.1473
 -4.94412   127.448  -158.953   214.726   68.7029  -82.7028   83.7398
  7.14151   115.363  -143.616   173.593   80.1102  -92.2953   87.3694
  33.5102   65.3722  -160.347    164.53    88.925  -90.4803   95.1471
  86.2474  -70.8656  -214.029   119.215     90.74  -93.3322   80.1102
  86.2474  -70.8656  -214.029   119.215     90.74  -93.3322   80.1102
  75.2605  -77.4578  -174.988   119.912   86.3324  -77.7769   73.3695
  75.2605  -77.4578  -174.988   119.912   86.3324  -77.7769   73.3695
  85.6981  -77.4578  -230.761   131.067   79.5917  -77.2584   77.5177
  85.6981  -77.4578  -230.761   131.067   79.5917  -77.2584   77.5177
  101.629  -106.573  -186.142   87.8425    70.777  -91.2584    80.888
  147.225  -131.843  -188.931   52.9843    70.777  -76.2213   83.4805
  67.0202  -138.985  -177.079   3.48581   83.4805  -74.4065    72.851
 -8.78954  -158.761  -124.792  -142.918   86.0731   -81.925   65.5918
 -23.0726   -176.34  -136.644  -174.988   78.5546  -76.7398   66.3697
 -40.6516  -182.932  -135.249  -171.502   84.5176  -86.0731    63.777
 -40.6516  -182.932  -135.249  -171.502   84.5176  -86.0731    63.777
 -90.0928  -189.524   113.637  -210.543   74.4065  -77.5177   56.2586
 -107.672  -186.228   148.495  -220.303   66.6289  -74.4065  -61.9622
  -126.35  -198.315   168.016  -231.458   66.8881   -80.888  -66.1103
 -131.294  -174.692   190.325   -169.41   59.1105  -88.4066   -71.814
 -131.294  -174.692   190.325   -169.41   59.1105  -88.4066   -71.814
 -131.294  -174.692   190.325   -169.41   59.1105  -88.4066   -71.814
 -131.294  -174.692   190.325   -169.41   59.1105  -88.4066   -71.814
 -131.294  -174.692   190.325   -169.41   59.1105  -88.4066   -71.814
 -131.294  -174.692   190.325   -169.41   59.1105  -88.4066   -71.814
 -131.294  -174.692   190.325   -169.41   59.1105  -88.4066   -71.814
 -146.126  -193.919   200.085  -192.417   40.7032  -88.1472  -79.8509
 -170.297  -114.264   173.593  -147.101  -66.3697  -86.8509  -80.1102
 -187.876  -84.0499       221  -130.369  -70.2585  -65.8511  -73.3695
  -193.37  -50.5399   188.234  -78.7792  -71.2954   -59.629  -63.2585
  -193.37  -34.6087   155.467   155.467  -85.0361  -46.9254  -65.8511
 -203.259   3.29607   181.959   177.079   -71.814  -35.2588  -61.9622
 -153.268   3.84542   184.748   178.474  -64.2955    59.629   49.7772
 -139.534   10.4376   204.269   207.754  -64.8141   67.4066   66.8881
 -147.225   121.955   226.578   194.508  -62.7401   63.2585   69.9992
 -128.547   118.659   236.338   162.439   13.9999   55.7401   81.4065
 -118.659   118.109   226.578   158.256   65.3326  -1.03703   85.5546
  18.1284   143.929   242.613   147.798   66.3697  -68.1844   91.5172
  99.9809   165.353   218.212   124.792   76.7398  -62.9993   93.5918
  147.225   185.679   178.474  -152.679   74.1473   -61.703   79.3324
  163.705   195.567    164.53  -149.193    72.851   45.6291   73.8881
  175.791   195.017   151.284  -172.199   61.1845   64.5549   58.0734
  208.201   165.353    159.65  -185.445  -59.1105   71.0362   39.6662
  207.103   169.748   138.735   -201.48  -67.9251   67.9251   29.8144
   159.86   103.277   128.975  -174.988  -69.9992   71.5547  -63.5178
   151.62   75.8098   114.335  -214.726  -74.1473   69.7399   -61.703
  138.435   17.0297   106.666  -216.818   -80.888    81.925  -67.6659
  119.758  0.549346   71.1106  -219.606  -80.1102   76.4806  -71.0362
  79.6552         0   48.1042  -260.739  -85.0361   73.1102  -63.5178
  119.208   109.869   144.313  -218.212  -89.4434   78.8139  -66.6289
  146.126   127.998   150.587  -237.035  -89.4434   65.5918  -74.6658
  71.9644   82.4019   170.805  -248.886  -96.7025   76.2213   -70.777
  33.5102   64.8229   177.079  -227.275  -84.2583   64.2955  -66.8881
   6.0428   29.1153    145.01  -181.262  -83.7398   57.0363  -63.5178
 -113.165   110.419   74.5964  -189.628  -86.0731   72.0733  -69.9992
 -120.307   137.886   27.1892  -202.874  -92.5541   73.3695  -64.2955
  -151.07   102.178   -154.77  -158.953  -78.2954   75.4436  -59.8882
 -133.491   75.8098  -172.199  -149.193  -85.5546   81.6657  -53.1475
 -171.396  -60.9775  -195.206  -138.735  -69.7399   81.1472  -65.5918
 -183.482   -79.106  -212.634  -132.461  -86.0731   80.6287  -63.5178
 -161.508   -95.037      -221   143.616  -83.7398   85.2953  -75.7029
 -136.238  -141.182  -250.978   177.776  -71.2954   65.3326  -60.9253
  -134.04  -19.2272  -257.951   170.805  -65.3326   63.5178  -60.6659
 -121.406  -11.5363  -246.796    191.72  -65.0733   66.1103  -62.2215
 -74.7111    12.635  -246.097   209.149  -60.9253   63.5178  -73.6288
  14.8323   49.4412  -236.338   212.634   60.1474   64.8141  -82.4435
  118.109   87.8954  -234.944   189.628   65.5918   58.5919  -80.6287
  131.294   110.419  -210.543   213.332   69.2214   38.6292  -84.5176
  140.633   135.139  -228.669   174.988   71.0362  -68.1844  -73.3695
  140.083    151.62  -225.881   156.861   71.0362  -75.1843   -74.925
  103.277   167.551  -195.903    140.13   83.7398  -74.1473  -64.0363
   28.566    185.13  -191.022   136.644   80.1102   -88.925  -66.6289
  4.39478   173.044  -151.981   170.107   86.0731   -83.999  -65.8511
 -115.363   156.014  -138.038   175.685   79.3324  -92.2953  -57.5549
  -96.685   136.787  -101.786   189.628   89.7031  -95.9252   64.8141
 -96.1355   124.152  -55.7731   200.085   71.5547  -103.443   72.3325
  42.2996   113.165  -138.735    206.36   83.4805  -92.8137   73.8881
  64.2735   90.6421  -155.467   229.366   91.5172  -88.1472   78.8139
  124.152  -43.9478  -189.628   230.064   77.2584  -78.2954   91.2584
  31.3127  -102.178  -218.909   205.663   75.9621  -81.6657   87.8879
  135.689   -151.07  -211.937   154.073   84.5176  -69.2214   78.8139
  112.067  -165.903  -188.234   142.918    83.999  -67.9251   64.8141
  86.2474  -180.186  -158.953   139.432    83.999   -61.703   59.3697
  69.7669  -184.031  -151.284   126.186   72.5918  -63.5178   54.1846
  20.3259  -200.512  -148.495   103.877   73.3695  -66.8881  -18.6664
  16.4804  -181.834  -120.609   11.1546   74.4065  -65.3326  -65.8511
  4.94412   -192.82  -139.432  -136.644   75.7029  -66.8881  -66.6289
 -121.955  -181.834   126.883  -178.474   58.8511  -74.4065  -78.2954
 -132.942  -179.087   151.284  -173.593   56.2586  -79.5917  -81.6657
 -145.577  -140.083   179.868  -200.783  -62.4807  -83.4805  -71.5547
 -186.778  -70.3164   223.092  -176.382  -62.9993  -85.2953  -65.8511
 -196.666   4.94412   170.107  -161.044  -80.6287  -72.3325  -62.4807
 -196.666   8.78954   192.417  -153.376  -74.1473  -74.4065   -4.1481
 -148.323  -20.3259   212.634  -127.581  -71.2954  -67.9251   67.4066
 -138.985  -59.8788   246.097    140.13  -61.9622  -64.0363   73.1102